-,-,-
-136, 59, 972
-34, 95, 1143
-34, 95, 1143
69, 186, 633
-27, 74, 107
-230, -457, -66
-272, -742, -760
-374, -779, -1900
-303, -1260, -1320
160, -1288, -389
846, -546, 462
1098, 26, 959
1086, 204, 1494
1486, 648, 1997
1610, 1359, 1998
1286, 1361, 1998
835, 930, 1958
523, 242, 1552
523, 242, 1552
8, -319, 1135
376, -132, 1063
265, -205, 1399
361, 46, 1374
361, 1, 1752
-,-,-
-212, -56, 876
-194, -87, 907
-247, -105, 1031
-243, -59, 1071
-158, -1, 942
-75, -84, 824
-75, -84, 824
17, -251, 434
244, -211, -378
351, -221, -1087
230, -811, -1174
226, -856, -1002
276, -641, -860
465, -670, 231
949, -125, 1609
999, 528, 1998
662, 912, 1998
397, 1022, 1998
272, 1057, 1998
103, 750, 1998
103, 750, 1998
-7, 323, 1870
-114, -93, 1492
-214, -214, 1273
-232, -33, 1075
-226, 86, 1109
-,-,-
254, 28, -270
-9, -44, -1370
-408, -1337, -21
-93, -936, -80
311, 19, -324
311, 19, -324
301, -188, 103
441, -353, 778
658, -84, 1321
633, 86, 1722
488, 180, 1762
507, 277, 1558
387, 423, 1502
387, 423, 1502
170, 529, 1377
64, 335, 1160
142, -78, 1384
203, -109, 1182
123, -124, 1197
72, -118, 1485
138, 6, 1900
210, 319, 1998
-,-,-
-6, -190, -236
-6, -190, -236
-15, -518, 60
127, -77, -394
150, -176, -622
191, -480, 17
425, -333, 393
563, -185, 539
419, -236, 872
238, -144, 1213
297, 65, 1444
297, 65, 1444
383, 73, 1702
347, 234, 1849
270, 244, 1741
236, 198, 1525
133, 162, 1638
36, 210, 1654
36, 210, 1654
86, 193, 1590
161, 167, 1419
149, 198, 1500
78, 189, 1608
41, 81, 1580
-,-,-
-28, -176, 347
30, -422, 277
217, -322, -117
314, -269, -709
236, -699, -467
184, -805, -13
418, -294, -39
418, -294, -39
603, -67, 162
526, -44, 762
376, 217, 1392
267, 358, 1778
464, 475, 1966
518, 655, 1998
358, 607, 1998
358, 607, 1998
176, 411, 1870
116, 248, 1656
110, 180, 1548
57, -30, 1399
104, -66, 1560
-,-,-
58, -58, 42
26, -145, -449
-47, -360, -635
24, -487, -617
24, -487, -617
146, -336, -403
454, -197, 37
512, -304, 448
493, -441, 998
541, -241, 1367
500, 75, 1634
250, 146, 1745
124, 40, 1816
124, 40, 1816
258, 238, 1993
198, 406, 1998
110, 283, 1929
65, 164, 1431
54, 91, 1348
-37, -77, 1556
-,-,-
162, -481, -203
205, -387, -171
109, -366, 52
148, -268, 306
148, -268, 306
219, -126, 553
196, -210, 754
166, -106, 1087
165, 124, 1331
132, 125, 1570
131, 21, 1587
148, -75, 1716
130, 38, 1833
130, 38, 1833
6, 238, 1842
-,-,-
115, -165, 441
115, -165, 441
114, -43, -96
-39, -358, -650
-62, -501, -693
81, -386, -451
280, -225, -24
477, -341, 291
563, -405, 595
472, -351, 1237
261, -282, 1735
294, -184, 1818
379, -415, 1785
379, -415, 1785
492, -394, 1952
513, 66, 1998
387, 402, 1954
-,-,-
-96, -159, 683
-106, -264, 525
-55, -170, 345
42, -47, 255
50, -90, 423
15, -209, 654
66, -186, 726
66, -186, 726
77, -173, 686
30, -131, 751
-9, -78, 890
17, 33, 779
17, 33, 779
69, 81, 558
2, -12, 496
-39, -102, 713
45, 2, 817
45, 2, 817
97, 121, 958
192, 85, 1032
192, 85, 1032
246, 123, 1382
237, 202, 1391
174, 149, 1601
137, 21, 1753
-,-,-
41, -386, 526
-11, -386, 326
-91, -343, 435
-98, -189, 660
-23, 137, 575
-56, 53, 572
-71, -215, 678
-71, -215, 678
4, -69, 702
8, 223, 672
-44, 238, 599
-69, 54, 557
-69, 54, 557
-72, 8, 536
-39, 256, 492
-52, 387, 397
-136, 140, 535
-49, 60, 697
-49, 60, 697
134, 255, 855
205, 313, 932
154, 122, 944
129, -98, 1213
182, -51, 1533
182, -51, 1533
223, 86, 1468
187, -11, 1507
133, -57, 1569
132, 164, 1563
192, 25, 1361
-66, 164, 1660
-,-,-
-139, -272, 886
36, 117, 561
106, 118, 111
-123, -462, 697
-36, -569, 1187
206, 19, 481
206, 19, 481
53, -38, 271
-106, -147, 293
-150, 53, 336
-106, 194, 316
-51, 182, 400
-51, 182, 400
-3, 113, 531
13, 150, 504
-21, 149, 437
10, 14, 571
10, 14, 571
58, -53, 820
151, 52, 804
196, 83, 796
204, -66, 911
204, -66, 911
212, -213, 1263
234, -145, 1340
226, -54, 1157
228, -127, 1127
199, -183, 1253
163, -86, 1337
109, -10, 1375
130, 4, 1424
130, 4, 1424
169, 88, 1529
180, 181, 1506
121, 128, 1511
-,-,-
33, -39, 685
-24, 43, 409
-70, -218, 557
-94, -284, 787
-94, -284, 787
-7, -33, 561
-2, 89, 321
-52, -83, 420
-118, -236, 670
-61, -87, 754
-61, -87, 754
3, 81, 559
41, 43, 534
4, -197, 653
4, -197, 653
-10, -286, 751
9, -124, 648
27, -60, 439
1, -142, 583
-16, -127, 782
-16, -127, 782
0, -9, 821
58, 4, 826
127, -14, 915
127, -14, 915
148, 28, 1041
146, 21, 1143
180, 69, 1286
192, 140, 1375
167, 43, 1549
164, -181, 1606
234, -188, 1600
-,-,-
99, -59, 494
-43, -201, 540
-122, -325, 739
-16, 37, 661
-16, 37, 661
76, 172, 368
-38, -24, 519
-132, -131, 613
-95, -26, 724
0, 110, 754
0, 110, 754
16, 6, 844
1, -190, 856
18, -187, 724
18, -187, 724
13, -99, 629
-19, -114, 712
-3, -116, 683
-17, -130, 574
-42, -120, 450
-34, -122, 489
-34, -122, 489
-47, -159, 578
10, -220, 758
111, -195, 940
191, -69, 1199
237, -10, 1463
202, -80, 1681
244, -186, 1725
264, -368, 1777
263, -460, 1957
-,-,-
11, -216, 272
39, -215, 318
25, -114, 320
20, 66, 266
20, 66, 266
7, 65, 300
2, -8, 444
2, -8, 444
17, 1, 462
52, 77, 503
52, 77, 503
88, 46, 568
82, -82, 841
73, -111, 1043
98, -68, 1110
98, -68, 1110
144, -62, 1086
186, 2, 1139
150, 77, 1285
73, 58, 1348
101, -47, 1393
101, -47, 1393
134, -122, 1375
142, 3, 1464
129, 61, 1443
96, 85, 1421
121, 85, 1387
-,-,-
-182, 25, 799
-42, 61, 468
-69, 27, 445
-69, 27, 445
-103, -129, 657
-34, -81, 683
52, 83, 572
69, 46, 612
69, 46, 612
84, -121, 796
119, -233, 858
174, -203, 843
155, -211, 912
198, -180, 1106
244, -148, 1042
244, -148, 1042
201, -184, 1169
174, -133, 1211
248, -22, 890
199, -89, 981
146, -34, 1190
94, 116, 1271
95, 132, 1150
118, 70, 1119
118, 70, 1119
98, 33, 1211
51, -73, 1542
56, -70, 1742
121, -99, 1599
-,-,-
-7, -87, 832
-55, -82, 869
-12, 7, 623
-12, 7, 623
62, 40, 546
36, -41, 591
-9, -127, 655
-9, -127, 655
7, -143, 656
40, -83, 628
97, -13, 671
119, -106, 688
88, -249, 752
88, -249, 752
54, -339, 978
77, -186, 1064
82, -54, 1001
43, -78, 943
2, -160, 896
2, -160, 896
-4, -147, 901
-30, -60, 976
-66, 4, 1082
-28, 13, 1042
-28, 13, 1042
100, 11, 1069
156, 56, 1208
98, 106, 1355
46, 120, 1340
18, 27, 1302
18, 27, 1302
8, -28, 1319
92, -49, 1330
167, -122, 1339
152, -138, 1491
-,-,-
-9, -149, 732
22, -4, 641
72, -30, 617
72, -30, 617
71, -6, 559
33, -5, 667
35, -27, 701
35, -27, 701
80, 11, 595
89, 32, 533
82, -104, 501
83, -104, 538
83, -215, 538
115, -107, 587
111, -23, 674
113, -71, 666
156, -147, 803
159, -109, 1000
143, -26, 1035
143, -26, 1035
97, -23, 1003
95, -149, 1056
178, -153, 1057
192, -19, 1205
142, 73, 1330
136, 22, 1434
245, -43, 1511
332, 3, 1473
332, 3, 1473
252, 7, 1530
-,-,-
-128, -27, 755
12, 35, 617
12, 35, 617
126, 169, 298
88, 74, 344
-18, -203, 658
27, -287, 618
27, -287, 618
107, -234, 350
144, -220, 372
95, -194, 582
52, -142, 715
32, -148, 807
30, -161, 833
30, -161, 833
27, -124, 937
14, -120, 990
63, -136, 1069
145, -96, 1140
172, 33, 1128
118, 129, 1108
118, 129, 1108
76, 73, 1166
101, 66, 1224
149, 190, 1246
133, 279, 1245
98, 254, 1226
102, 154, 1271
102, 154, 1271
116, 121, 1341
151, 129, 1373
-,-,-
164, 3, 379
105, -69, 421
105, -69, 421
6, -188, 711
-11, -221, 868
61, -175, 838
144, -83, 741
138, -69, 697
138, -69, 697
53, -136, 887
48, -202, 992
69, -184, 931
63, -108, 917
0, -94, 989
0, -94, 989
-27, -91, 1054
-20, -91, 1065
-1, -41, 995
10, 89, 913
10, 89, 913
-28, 187, 898
-72, 163, 934
-109, 96, 981
-60, 111, 926
-60, 111, 926
56, 227, 857
67, 341, 858
56, 275, 1011
82, 125, 1209
-,-,-
-148, -200, 604
-47, -66, 536
11, -66, 411
11, 61, 411
-51, 7, 500
-131, -144, 721
-119, -153, 760
5, -88, 545
5, -88, 545
53, -34, 566
38, -48, 750
40, -150, 838
71, -248, 814
71, -248, 814
73, -274, 730
102, -238, 817
104, -209, 957
103, -163, 1013
113, -185, 958
173, -126, 873
155, -79, 940
155, -79, 940
143, -12, 1135
137, 86, 1344
166, 170, 1393
216, 181, 1115
138, 85, 1001
65, 0, 1267
65, 0, 1267
-3, -26, 1522
-,-,-
-149, -6, 503
-85, -58, 737
34, 27, 402
47, 109, 264
-26, -70, 494
-26, -70, 494
-62, -247, 666
-66, -234, 568
-20, -114, 284
-46, -26, 222
-101, -50, 475
-120, -86, 671
-56, -30, 661
-56, -30, 661
29, 30, 607
49, 69, 712
21, -58, 924
-4, -156, 1003
-4, -156, 1003
9, -185, 947
84, -191, 777
114, -279, 940
85, -333, 1239
73, -253, 1249
86, -203, 1066
187, -240, 1046
233, -211, 1268
233, -211, 1268
200, -222, 1397
150, -218, 1355
162, -293, 1287
184, -371, 1267
193, -348, 1267
182, -297, 1162
156, -280, 1171
-,-,-
-67, -155, 454
-22, -43, 284
-40, -18, 304
-40, -18, 304
-75, -107, 437
-93, -182, 619
-47, -162, 719
-5, -111, 717
27, -76, 730
34, -144, 810
34, -144, 810
40, -241, 918
72, -288, 1013
70, -283, 1026
52, -262, 1015
105, -228, 943
111, -150, 960
85, -111, 988
85, -111, 988
62, -110, 905
71, -179, 918
79, -174, 1080
133, 11, 1226
186, 127, 1136
218, 43, 1006
218, 43, 1006
224, -203, 1179
218, -296, 1510
292, -189, 1662
-,-,-
-44, -107, 528
-44, -107, 528
-19, -117, 468
6, -73, 556
27, -124, 411
10, -234, 391
-30, -285, 442
-19, -190, 464
-19, -190, 464
37, -58, 425
32, -46, 456
15, -157, 577
65, -195, 700
106, -165, 678
106, -165, 678
123, -142, 815
129, -161, 914
124, -182, 949
90, -209, 978
76, -184, 1013
91, -137, 1038
121, -133, 1082
194, -103, 1161
231, -40, 1205
231, -40, 1205
224, -108, 1235
230, -261, 1290
249, -339, 1357
270, -299, 1491
282, -217, 1489
296, -220, 1461
-,-,-
36, -196, 417
109, -49, 242
50, 80, 323
50, 80, 323
-21, 2, 396
-32, -67, 510
36, -31, 468
36, -31, 468
77, 8, 382
33, -34, 604
10, -127, 837
10, -127, 837
62, -121, 1009
159, -47, 994
140, -74, 952
43, -178, 1085
53, -145, 1165
80, -8, 1163
80, -8, 1163
58, 87, 1172
46, 64, 1205
79, -50, 1241
165, -122, 1266
187, -24, 1267
187, -24, 1267
149, 44, 1311
114, 50, 1287
138, -16, 1254
181, -92, 1264
149, -58, 1374
104, -41, 1456
-,-,-
-188, 101, 491
-121, 68, 515
-79, 50, 419
-55, 41, 362
-55, 41, 362
-83, -79, 517
-101, -158, 695
12, -64, 592
49, 25, 538
-32, -26, 706
-32, -26, 706
-69, -82, 895
22, -23, 786
75, 25, 720
18, 21, 819
18, 21, 819
-36, -73, 902
-12, -121, 935
27, -12, 1047
65, 99, 1128
65, 99, 1128
95, 97, 1063
90, -108, 1105
23, -208, 1392
-33, -212, 1596
5, -119, 1526
90, -111, 1364
90, -111, 1364
72, -177, 1389
-5, -237, 1654
-50, -166, 1765
-10, -101, 1669
-,-,-
-64, -59, 662
-64, -59, 662
-131, -172, 757
-25, -130, 569
45, 13, 237
-79, 17, 324
-153, -32, 490
-114, -8, 504
-114, -8, 504
7, 114, 392
15, 77, 414
-51, -66, 692
-46, -161, 921
-46, -161, 921
65, -152, 922
118, -112, 911
36, -178, 991
-36, -291, 1042
-13, -309, 1064
13, -214, 1080
-12, -182, 1138
-45, -231, 1211
-22, -266, 1194
65, -249, 1185
65, -249, 1185
34, -265, 1276
-22, -313, 1474
-9, -321, 1488
36, -268, 1512
56, -175, 1494
28, -160, 1509
32, -164, 1587
26, -99, 1699
-,-,-
-70, -55, 631
61, 3, 480
61, 3, 480
91, -13, 244
-9, -200, 375
-86, -254, 574
-38, -77, 498
31, 102, 285
31, 102, 285
37, 79, 407
49, -43, 696
53, -105, 711
53, -105, 711
89, -81, 670
92, -90, 748
60, -140, 902
24, -195, 1000
18, -158, 1030
18, -158, 1030
42, -118, 1027
35, -86, 1144
42, -65, 1332
36, -50, 1498
61, -39, 1546
117, -56, 1405
51, -120, 1419
51, -120, 1419
11, -210, 1548
-35, -205, 1711
21, -85, 1688
90, 13, 1547
71, -23, 1499
59, -113, 1562
-,-,-
-59, -112, 504
15, -51, 360
47, 10, 223
0, -29, 359
0, -29, 359
-48, -82, 573
-34, -84, 669
49, -26, 627
85, -10, 574
85, -10, 574
79, -61, 667
78, -234, 949
54, -328, 1157
90, -262, 1033
127, -172, 867
127, -172, 867
92, -158, 1061
97, -141, 1319
116, -117, 1383
134, -177, 1334
193, -274, 1320
214, -331, 1475
188, -346, 1559
140, -341, 1540
163, -372, 1574
-,-,-
-12, -147, 485
-34, -166, 567
102, -48, 326
96, -30, 202
96, -30, 202
-6, -119, 390
-69, -131, 549
-30, -45, 528
50, 13, 493
50, 13, 493
41, -27, 652
20, -70, 807
48, -88, 812
48, -88, 812
94, -80, 775
56, -116, 891
12, -148, 996
5, -171, 1011
86, -183, 985
86, -183, 985
156, -160, 1008
150, -98, 1132
126, -72, 1216
145, -146, 1286
175, -244, 1366
259, -339, 1318
287, -411, 1441
275, -463, 1618
292, -428, 1721
309, -409, 1812
-,-,-
-44, -101, 410
20, -21, 259
0, -81, 259
0, -81, 259
-66, -176, 371
-69, -145, 355
36, -46, 211
70, 76, 183
70, 76, 183
28, 94, 322
8, -49, 598
67, -96, 746
67, -96, 746
156, -29, 698
143, -71, 798
129, -146, 1024
101, -136, 1168
91, -101, 1212
137, -82, 1115
130, -126, 1110
122, -186, 1357
122, -186, 1357
60, -182, 1568
29, -118, 1550
75, -96, 1289
74, -139, 1226
40, -169, 1398
29, -154, 1506
16, -87, 1474
88, -51, 1450
-,-,-
-70, -98, 448
-70, -98, 448
-49, -106, 373
-2, -76, 251
-7, -85, 314
-33, -140, 437
-22, -181, 532
37, -131, 503
37, -131, 503
77, -99, 467
92, -136, 587
82, -151, 707
111, -136, 793
125, -143, 838
125, -143, 838
142, -138, 920
135, -144, 1044
157, -185, 1016
179, -184, 1012
179, -160, 1076
180, -148, 1149
166, -163, 1271
163, -224, 1364
224, -299, 1450
296, -352, 1655
282, -340, 1809
287, -321, 1858
-,-,-
-21, -15, 229
-21, -15, 229
44, 45, 63
-25, -54, 384
-78, -138, 706
-9, -17, 691
-9, -17, 691
104, 122, 444
100, 76, 586
51, -85, 930
69, -79, 1040
69, -79, 1040
142, 13, 886
138, 8, 849
101, -116, 970
84, -201, 1164
100, -173, 1243
100, -173, 1243
136, -116, 1206
132, -94, 1185
124, -101, 1240
104, -96, 1364
144, -11, 1328
147, 47, 1269
167, 18, 1298
182, -114, 1437
223, -197, 1566
274, -242, 1699
302, -305, 1826
-,-,-
-23, 45, 188
-159, -197, 603
-122, -280, 726
161, -130, 217
161, -130, 217
173, -18, 36
15, -110, 379
-50, -163, 624
-25, -88, 640
75, -3, 506
75, -3, 506
63, -17, 613
17, -167, 827
39, -221, 977
119, -74, 924
119, -74, 924
161, 52, 852
154, -48, 896
82, -291, 1062
60, -423, 1231
123, -408, 1257
161, -340, 1255
186, -319, 1302
201, -314, 1373
220, -309, 1452
220, -309, 1452
253, -289, 1514
274, -226, 1574
308, -185, 1609
-,-,-
221, 17, -52
43, -181, 315
-30, -359, 587
-30, -359, 587
62, -254, 534
212, -64, 357
158, -44, 550
73, -162, 864
88, -225, 972
142, -128, 957
142, -128, 957
130, 9, 897
26, -20, 968
-49, -74, 1001
-30, -69, 985
8, 6, 1040
8, 6, 1040
36, 64, 1054
30, -22, 1124
4, -147, 1370
4, -147, 1370
76, -192, 1481
178, -101, 1568
195, -26, 1592
174, -67, 1690
141, -184, 1794
161, -227, 1779
-,-,-
-122, -124, 438
-2, -11, 224
51, 7, 108
39, -39, 304
-5, -78, 582
-5, -78, 582
25, -38, 702
85, 25, 713
119, -46, 704
119, -46, 704
126, -191, 730
144, -260, 760
154, -230, 915
139, -141, 1014
131, -82, 941
139, -138, 926
194, -202, 987
225, -221, 1122
235, -251, 1320
235, -251, 1320
232, -276, 1445
245, -236, 1457
296, -226, 1362
259, -278, 1384
208, -359, 1530
227, -344, 1582
279, -292, 1568
-,-,-
-184, -316, 752
-219, -259, 1061
205, 159, -23
116, 277, -424
-136, -47, 416
-167, -201, 534
5, -92, 124
5, -92, 124
84, -65, -1
-4, -163, 467
-34, -174, 732
73, -71, 585
73, -71, 585
139, -68, 493
163, -180, 583
135, -297, 812
156, -206, 877
181, -122, 872
181, -122, 866
232, -169, 866
232, -247, 1056
218, -228, 1147
197, -232, 1222
260, -267, 1265
323, -286, 1387
343, -298, 1616
317, -284, 1706
306, -322, 1792
-,-,-
-91, -1, 141
-134, 3, 233
-143, -45, 373
0, -12, 263
99, -73, 211
99, -73, 211
33, -243, 535
2, -310, 881
90, -194, 853
194, -143, 631
194, -143, 631
153, -241, 720
80, -312, 969
68, -271, 1059
108, -167, 1037
155, -149, 940
153, -246, 1039
155, -317, 1182
153, -241, 1289
148, -137, 1287
148, -116, 1237
155, -170, 1253
206, -246, 1312
191, -221, 1405
-,-,-
29, -89, 302
29, -89, 302
-29, -78, 210
-108, -198, 415
-79, -221, 451
2, -155, 226
43, -119, 125
6, -109, 209
6, -109, 209
-27, -109, 359
-10, -110, 451
48, -30, 468
97, 14, 431
97, 14, 431
98, -73, 579
70, -203, 733
49, -201, 787
62, -47, 766
62, -47, 766
105, -26, 756
117, -129, 893
112, -214, 1155
110, -252, 1320
207, -253, 1323
304, -227, 1423
230, -267, 1741
151, -332, 1865
170, -329, 1942
-,-,-
161, -142, 269
-10, -270, 505
-142, -319, 638
-49, -97, 341
107, 54, -51
66, 71, 2
66, 71, 2
-76, -59, 336
-136, -88, 547
-72, 46, 516
-72, 46, 516
22, 196, 380
7, 116, 444
-20, -34, 661
-20, -34, 661
-46, -163, 882
15, -159, 862
94, -105, 727
136, -206, 926
96, -333, 1341
177, -368, 1436
254, -376, 1326
221, -376, 1287
182, -339, 1406
182, -339, 1406
151, -298, 1625
120, -245, 1729
99, -219, 1654
162, -190, 1475
174, -172, 1430
-,-,-
-90, -217, 572
-47, -271, 602
-47, -271, 602
182, -183, 91
105, -181, -22
-75, -317, 361
-96, -267, 630
51, 32, 527
139, 242, 370
139, 242, 370
85, -10, 648
9, -356, 1011
57, -332, 1046
95, -177, 857
37, -110, 873
-8, -216, 1019
-8, -216, 1019
-7, -360, 1202
28, -347, 1261
126, -234, 1101
125, -239, 1121
87, -367, 1408
97, -458, 1575
162, -441, 1581
237, -349, 1546
247, -266, 1590
224, -227, 1710
222, -276, 1796
237, -352, 1778
-,-,-
-142, -217, 751
-119, -93, 645
-78, -11, 450
-112, 15, 438
-160, -43, 576
-155, -68, 686
-99, 10, 686
-99, 10, 686
-16, 105, 525
-12, 113, 535
-50, -11, 673
-89, -162, 782
-30, -163, 752
-30, -163, 752
51, -94, 701
61, -116, 788
51, -165, 953
65, -186, 1080
63, -162, 1122
76, -120, 1033
76, -120, 1033
126, -131, 918
170, -286, 954
172, -436, 1174
177, -405, 1261
198, -344, 1286
269, -259, 1398
331, -220, 1537
372, -279, 1642
393, -360, 1679
-,-,-
-183, -195, 763
26, -138, 428
222, 50, -133
222, 50, -133
118, -41, 18
-83, -256, 516
-106, -256, 668
-4, -64, 526
117, 29, 346
103, -70, 499
103, -70, 499
64, -230, 673
99, -249, 738
157, -213, 844
141, -161, 972
97, -172, 998
74, -172, 970
74, -226, 970
128, -265, 915
198, -269, 1009
173, -288, 1204
175, -368, 1331
198, -522, 1475
276, -581, 1598
358, -522, 1651
340, -503, 1697
327, -554, 1734
295, -571, 1778
-,-,-
-31, -110, 488
-26, -112, 506
-67, -189, 554
-47, -152, 499
-47, -152, 499
-10, -67, 355
-34, -45, 353
-65, -37, 412
-84, -38, 514
-73, -65, 579
-8, -119, 595
-8, -119, 595
40, -171, 688
40, -191, 762
17, -204, 831
11, -285, 923
85, -361, 1079
85, -361, 1079
157, -314, 1097
185, -264, 997
146, -329, 1038
116, -458, 1153
94, -532, 1264
133, -503, 1329
226, -423, 1285
264, -398, 1371
236, -411, 1512
224, -442, 1584
253, -455, 1615
263, -424, 1642
-,-,-
-154, 10, 550
-146, -15, 469
-148, -86, 445
-135, -152, 462
-24, -205, 341
20, -265, 307
16, -374, 398
-15, -434, 520
-15, -434, 520
21, -336, 382
41, -216, 301
25, -192, 429
4, -177, 540
9, -126, 658
9, -126, 658
40, -78, 701
47, -32, 755
-17, -25, 915
-68, -95, 998
-68, -95, 998
-1, -135, 928
106, -159, 930
161, -88, 1087
145, -75, 1280
168, -233, 1425
267, -398, 1513
368, -453, 1520
381, -397, 1559
351, -367, 1587
316, -392, 1678
316, -392, 1678
315, -434, 1772
-,-,-
-77, -233, 568
88, -148, 315
120, -111, 152
-50, -201, 430
-119, -217, 634
-4, -66, 536
125, 34, 383
125, 34, 383
117, -23, 482
36, -157, 688
32, -180, 780
80, -156, 780
80, -156, 780
104, -117, 870
49, -137, 1029
29, -162, 1041
82, -161, 851
109, -192, 917
80, -209, 1190
91, -139, 1264
91, -139, 1264
122, -96, 1205
182, -131, 1078
258, -252, 1032
268, -382, 1178
257, -377, 1270
238, -332, 1305
250, -295, 1302
321, -264, 1336
422, -309, 1410
424, -408, 1508
-,-,-
-5, -146, 546
76, 36, 237
105, 45, 96
105, 45, 96
18, -118, 297
-80, -199, 589
-88, -80, 635
-8, 92, 398
-8, 92, 398
11, 95, 314
-26, -27, 541
-64, -131, 757
-52, -125, 879
-52, -125, 879
-6, -80, 825
73, -81, 699
119, -205, 879
80, -294, 1135
74, -252, 1103
86, -222, 975
86, -222, 975
125, -194, 833
158, -202, 932
175, -258, 1096
190, -281, 1229
223, -279, 1293
296, -221, 1330
-,-,-
47, -105, 228
24, -103, 283
24, -103, 283
-42, -213, 474
-22, -244, 596
140, -111, 250
185, -17, 86
116, -43, 310
58, -84, 584
58, -84, 584
46, -98, 716
84, -65, 671
162, -56, 607
163, -128, 772
163, -128, 772
120, -194, 924
95, -194, 958
95, -200, 989
144, -161, 1065
174, -117, 1167
174, -128, 1297
205, -200, 1416
266, -323, 1421
322, -369, 1449
305, -330, 1486
278, -292, 1524
236, -295, 1508
280, -333, 1463
280, -333, 1463
296, -395, 1454
-,-,-
-9, -183, 616
116, -133, 283
116, -133, 283
116, -183, 217
-5, -283, 407
-84, -249, 490
-19, -63, 329
24, 43, 188
0, -3, 323
0, -3, 323
-53, -134, 595
-19, -192, 734
90, -146, 721
90, -146, 721
160, -163, 717
162, -291, 868
87, -412, 1038
46, -409, 1115
85, -309, 1049
128, -187, 1087
138, -111, 1283
120, -165, 1494
71, -301, 1707
168, -358, 1791
-,-,-
-7, -378, 526
-7, -378, 526
-39, -396, 580
-33, -241, 584
45, -58, 333
34, -60, 167
-7, -184, 209
-29, -227, 316
-29, -227, 316
-38, -162, 432
3, 20, 402
66, 62, 485
88, -37, 732
88, -37, 732
77, -157, 924
102, -175, 954
111, -196, 892
73, -283, 927
63, -356, 1047
54, -403, 1292
54, -403, 1292
102, -360, 1364
142, -306, 1396
137, -285, 1421
165, -307, 1500
185, -375, 1628
151, -350, 1813
162, -291, 1861
-,-,-
-182, -102, 811
-91, -73, 647
-12, -42, 510
-12, -42, 510
-12, -68, 613
-44, -169, 828
-33, -201, 964
105, -95, 743
160, -9, 513
160, -9, 513
91, -103, 688
68, -236, 813
98, -288, 838
184, -163, 725
151, -95, 698
151, -95, 715
102, -140, 715
95, -228, 832
140, -187, 939
181, -56, 960
215, -21, 979
283, -95, 1157
307, -121, 1483
307, -121, 1483
289, -99, 1567
236, -102, 1459
204, -154, 1413
-,-,-
-95, -242, 695
7, -140, 404
11, -49, 245
-59, -81, 480
-72, -104, 650
26, -87, 626
26, -87, 626
104, -78, 540
110, -150, 535
63, -287, 571
28, -368, 666
28, -368, 666
70, -313, 722
134, -186, 766
130, -186, 859
137, -249, 922
230, -211, 1075
267, -88, 1155
205, -126, 1052
155, -222, 1003
273, -120, 1135
346, 36, 1303
346, 36, 1303
301, 84, 1429
226, 19, 1377
193, -97, 1258
232, -187, 1217
-,-,-
34, -179, 262
-14, -143, 164
-14, -143, 164
-133, -186, 422
-125, -108, 558
-3, 35, 295
40, 87, 169
34, -1, 296
34, -1, 296
49, -124, 579
116, -100, 679
140, -74, 710
149, -100, 732
188, -159, 803
240, -218, 940
240, -218, 940
268, -245, 914
261, -254, 876
295, -189, 972
305, -166, 1146
293, -211, 1313
299, -251, 1174
271, -234, 995
344, -133, 1216
427, 11, 1553
390, 35, 1760
390, 35, 1760
364, 99, 1737
438, 158, 1712
-,-,-
-67, -142, 438
-67, -142, 438
-14, -68, 301
26, -46, 201
-22, -90, 380
-45, -141, 556
21, -138, 474
21, -138, 474
162, -97, 425
234, -164, 587
186, -287, 837
151, -341, 904
239, -306, 734
311, -289, 836
298, -275, 1071
255, -278, 1099
246, -299, 994
246, -299, 994
258, -319, 959
216, -336, 1033
196, -373, 1069
290, -407, 1028
380, -409, 1170
381, -415, 1416
-,-,-
-100, -171, 558
-103, -168, 565
17, -95, 311
84, -35, 116
-10, -108, 332
-104, -164, 578
-15, -51, 586
-15, -51, 586
140, 53, 474
176, -10, 535
137, -181, 711
219, -320, 896
345, -231, 1029
367, -77, 1018
367, -77, 1018
265, -109, 1037
155, -208, 1072
202, -213, 1108
280, -133, 1118
276, -158, 1135
204, -248, 1206
192, -256, 1271
186, -171, 1300
227, -103, 1323
292, -128, 1333
-,-,-
-145, -47, 436
-145, -47, 436
-113, -45, 568
-16, 15, 463
44, -7, 329
28, -80, 373
7, -181, 490
7, -181, 490
37, -197, 574
110, -183, 559
179, -201, 723
210, -266, 940
200, -291, 1051
225, -225, 1007
283, -132, 977
283, -132, 977
326, -37, 1158
271, 14, 1249
179, -6, 1212
150, -119, 1120
248, -186, 1118
288, -238, 1202
301, -197, 1217
323, -143, 1166
392, -197, 1343
441, -259, 1571
439, -266, 1720
439, -266, 1720
-,-,-
-39, -48, 292
-75, -29, 373
-75, -29, 557
-156, -95, 557
-139, -63, 615
-50, -18, 390
-21, -18, 367
-24, -43, 452
-21, -70, 594
-21, -70, 594
15, -64, 638
83, 15, 604
147, 5, 480
141, -157, 587
141, -157, 587
150, -323, 786
218, -347, 873
288, -311, 762
297, -331, 760
330, -325, 991
359, -282, 1223
349, -257, 1249
373, -238, 1287
470, -194, 1372
500, -210, 1614
459, -277, 1803
477, -287, 1890
477, -287, 1890
507, -279, 1920
-,-,-
63, -18, 228
31, 5, 292
-122, -137, 554
-39, -84, 566
136, 54, 307
136, 54, 307
177, 110, 381
126, 27, 648
71, -80, 819
133, -78, 720
133, -78, 720
239, -61, 645
198, -149, 860
157, -252, 946
158, -316, 909
262, -238, 949
307, -125, 1015
230, -131, 1136
134, -169, 1273
197, -102, 1293
304, -66, 1350
304, -66, 1350
298, -97, 1500
313, -121, 1699
-,-,-
-39, -200, 485
-39, -200, 485
-16, -167, 423
3, -130, 323
-10, -100, 277
-43, -65, 310
-38, -17, 403
35, 16, 366
35, 16, 366
63, -46, 395
32, -88, 546
15, -28, 673
15, -28, 673
122, 94, 575
187, 5, 565
185, -224, 786
239, -283, 991
239, -283, 991
328, -193, 1037
327, -139, 1062
280, -160, 1149
282, -162, 1338
332, -80, 1349
348, -101, 1358
330, -160, 1508
326, -193, 1674
339, -168, 1743
345, -129, 1797
-,-,-
-1, -183, 342
18, -68, 110
18, -68, 110
-18, -78, 117
-71, -153, 320
-16, -156, 386
71, -89, 397
140, -19, 418
140, -19, 418
118, -24, 544
56, -84, 723
98, -100, 726
238, -146, 624
303, -245, 807
303, -245, 807
270, -298, 1088
254, -234, 1148
294, -154, 1011
363, -149, 1132
375, -235, 1417
363, -272, 1563
364, -276, 1543
403, -308, 1563
394, -320, 1696
-,-,-
-55, -404, 542
20, -319, 223
20, -165, -17
-56, -77, 83
-138, -149, 258
-138, -149, 306
-85, -153, 306
98, 3, 230
151, 80, 382
97, 76, 660
96, 65, 763
96, 65, 763
213, -52, 687
331, -191, 786
322, -234, 1007
220, -257, 1096
215, -222, 963
447, -174, 958
447, -174, 958
517, -150, 1322
453, -141, 1523
378, -128, 1499
377, -131, 1413
528, -149, 1412
497, -247, 1655
463, -273, 1783
-,-,-
-33, -97, 221
28, -113, -26
69, -220, -207
17, -515, 105
138, -445, 133
229, -208, 317
291, -104, 500
291, -104, 500
305, -171, 691
354, -219, 864
401, -132, 1046
449, -97, 1132
535, -126, 1144
513, -248, 1299
445, -302, 1373
395, -280, 1339
399, -201, 1193
425, -159, 1174
459, -208, 1313
406, -231, 1431
399, -261, 1396
492, -276, 1308
492, -276, 1308
512, -333, 1331
481, -414, 1554
-,-,-
-24, -86, 336
13, 1, 239
-36, -19, 390
-48, -40, 505
-48, -40, 505
82, -5, 334
168, -52, 269
169, -174, 503
171, -245, 785
207, -197, 925
301, -56, 994
301, -56, 994
323, -18, 1020
256, -161, 1203
206, -226, 1392
265, -190, 1323
262, -182, 1232
244, -152, 1238
318, -45, 1411
299, 3, 1660
263, -6, 1779
263, -6, 1779
265, -25, 1785
280, -43, 1769
247, -75, 1777
-,-,-
-95, -72, 365
-143, -39, 429
-97, 63, 495
110, 80, 430
50, 7, 595
50, 7, 595
35, -32, 873
92, -45, 867
178, -91, 885
178, -91, 885
231, -116, 1066
172, -130, 1311
100, -146, 1393
92, -150, 1265
139, -158, 1093
128, -201, 1137
80, -227, 1246
87, -252, 1163
93, -238, 1016
140, -215, 1077
152, -157, 1130
152, -157, 1130
181, -152, 1120
228, -191, 1101
228, -251, 1265
211, -292, 1415
236, -252, 1453
303, -265, 1490
329, -290, 1524
317, -350, 1559
346, -356, 1531
374, -382, 1502
328, -447, 1587
330, -418, 1622
317, -345, 1466
-,-,-
-128, -96, 672
-37, -19, 593
-37, -19, 593
-22, 15, 733
-50, 39, 854
-37, 83, 874
0, 82, 770
0, 82, 770
73, 61, 720
106, -1, 771
81, -66, 911
81, -66, 911
84, -76, 922
91, -126, 870
126, -196, 850
146, -251, 879
138, -271, 942
138, -271, 942
145, -249, 909
197, -228, 923
209, -186, 1038
213, -131, 1071
196, -148, 1038
241, -172, 1062
314, -188, 1158
328, -229, 1341
332, -247, 1406
347, -288, 1473
408, -320, 1572
433, -362, 1682
403, -388, 1791
364, -353, 1753
-,-,-
-138, -90, 404
-140, -140, 509
-83, -129, 537
-83, -129, 537
-30, -43, 427
-12, -18, 404
-32, -91, 470
-34, -170, 572
13, -201, 664
126, -170, 658
126, -170, 658
206, -130, 682
214, -101, 840
218, -84, 993
228, -71, 1003
240, -74, 914
297, -73, 892
277, -132, 1050
246, -182, 1156
246, -182, 1156
241, -179, 1145
249, -203, 1101
293, -280, 1071
322, -332, 1278
311, -324, 1454
273, -324, 1603
274, -398, 1654
-,-,-
-28, 104, 300
-22, 52, 293
-22, 52, 293
-63, -18, 356
-25, -10, 277
4, -27, 253
45, -74, 432
45, -74, 432
78, -64, 581
101, -30, 628
114, -31, 581
162, -104, 582
166, -203, 753
166, -203, 753
148, -234, 972
162, -199, 992
248, -168, 910
349, -119, 979
364, -116, 1344
296, -124, 1554
130, -67, 1529
-189, -85, 1373
129, -322, 1458
421, -321, 1417
472, -302, 1196
472, -302, 1196
526, -341, 1240
504, -312, 1365
-,-,-
-141, -338, 878
38, -319, 681
172, -188, 348
63, -135, 358
-68, -114, 409
-121, -48, 344
-109, 16, 277
-109, 16, 277
-75, 47, 240
-46, 32, 268
2, 1, 380
2, 1, 380
67, -21, 631
99, -43, 847
124, -88, 891
124, -88, 891
165, -160, 808
230, -280, 867
248, -380, 1062
231, -399, 1188
227, -337, 1112
239, -275, 977
242, -321, 935
263, -380, 1066
299, -353, 1144
332, -289, 1158
355, -288, 1196
394, -337, 1317
394, -337, 1317
380, -393, 1544
398, -430, 1676
437, -384, 1722
455, -326, 1783
-,-,-
-34, -122, 404
-34, -122, 404
3, -120, 437
6, -130, 458
5, -137, 603
36, -108, 688
36, -108, 688
68, -79, 742
65, -82, 787
77, -112, 775
110, -181, 838
160, -225, 947
194, -214, 994
194, -214, 994
173, -235, 1019
146, -280, 1002
216, -291, 926
251, -318, 927
214, -382, 1021
189, -398, 1022
209, -387, 1000
306, -316, 986
361, -245, 1060
361, -259, 1198
364, -317, 1310
419, -356, 1437
435, -397, 1566
456, -390, 1619
-,-,-
-40, -237, 440
-28, -209, 354
-16, -196, 250
-45, -201, 178
-44, -199, 183
-32, -192, 286
22, -116, 327
22, -116, 327
64, -52, 396
48, -58, 569
48, -64, 777
128, -39, 895
128, -39, 895
190, -38, 900
186, -96, 939
157, -262, 1080
183, -347, 1181
219, -297, 1180
208, -243, 1130
197, -229, 1054
229, -244, 1114
272, -201, 1229
279, -170, 1319
275, -174, 1310
275, -174, 1273
273, -188, 1273
274, -223, 1404
301, -236, 1522
336, -211, 1563
-,-,-
-89, -102, 441
17, -40, 119
33, -133, 164
17, -203, 370
17, -203, 370
27, -159, 465
70, -73, 480
79, -21, 564
74, -45, 703
74, -45, 703
74, -82, 869
109, -107, 960
113, -160, 974
112, -244, 978
148, -311, 985
180, -347, 1128
187, -321, 1190
187, -321, 1190
171, -289, 1174
172, -260, 1117
216, -234, 1128
231, -227, 1194
225, -226, 1241
237, -233, 1210
251, -256, 1236
291, -243, 1279
313, -244, 1343
334, -283, 1395
376, -321, 1419
370, -342, 1505
-,-,-
-68, -58, 420
-68, -58, 420
-97, -134, 457
-43, -151, 502
14, -89, 443
35, -34, 422
49, -20, 507
49, -20, 507
81, -32, 661
96, -57, 835
90, -60, 960
90, -60, 960
121, -46, 892
145, -104, 788
149, -204, 831
134, -264, 984
157, -274, 994
198, -238, 888
234, -196, 966
234, -196, 966
235, -201, 1257
228, -192, 1393
217, -224, 1379
225, -271, 1343
254, -299, 1396
245, -326, 1549
238, -338, 1634
256, -338, 1581
238, -324, 1543
-,-,-
-84, -75, 455
-125, -88, 514
-73, -73, 398
18, -59, 326
37, -68, 410
37, -68, 410
29, -86, 587
44, -98, 705
78, -83, 771
126, -71, 757
126, -71, 757
173, -76, 745
176, -139, 798
140, -239, 910
180, -289, 919
268, -290, 899
288, -301, 955
250, -310, 987
250, -310, 987
243, -295, 995
298, -252, 993
370, -231, 1069
392, -240, 1188
406, -287, 1282
412, -315, 1365
451, -314, 1373
-,-,-
-59, -59, 381
-18, -73, 334
-18, -73, 334
-18, -125, 432
-29, -146, 554
9, -141, 610
98, -91, 638
165, -54, 757
147, -51, 917
147, -51, 917
125, -89, 943
110, -160, 900
186, -218, 863
234, -260, 911
202, -321, 1000
175, -362, 1053
225, -354, 1053
271, -336, 1063
271, -320, 1104
271, -320, 1104
233, -316, 1175
239, -303, 1189
280, -270, 1202
323, -267, 1277
-,-,-
-44, -89, 216
-100, -86, 370
-100, -86, 370
-46, -56, 414
-1, -17, 411
-12, -33, 406
-45, -79, 474
1, -65, 484
1, -65, 484
60, -35, 483
82, -33, 588
74, -57, 660
74, -57, 660
82, -85, 728
142, -87, 741
225, -86, 780
219, -159, 940
167, -237, 1053
191, -279, 1030
273, -283, 986
273, -283, 986
325, -287, 1140
297, -307, 1305
257, -327, 1363
247, -333, 1310
301, -340, 1264
-,-,-
-149, -38, 419
-135, -30, 358
-135, -30, 358
-83, -71, 281
-72, -83, 327
-67, -107, 422
-63, -110, 495
-21, -94, 548
49, -54, 557
49, -54, 557
136, -41, 594
151, -92, 835
183, -130, 1023
209, -129, 1090
236, -129, 993
218, -175, 950
244, -239, 1007
270, -305, 1099
270, -305, 1099
260, -329, 1145
266, -316, 1060
278, -284, 962
325, -297, 1034
364, -359, 1278
376, -394, 1404
362, -394, 1422
409, -416, 1441
-,-,-
-88, -124, 447
-29, -78, 380
-33, -25, 397
-64, -47, 430
-64, -47, 430
-55, -63, 474
-40, -97, 586
0, -92, 702
30, -87, 769
30, -87, 769
17, -110, 790
4, -155, 782
68, -178, 775
101, -203, 872
95, -220, 948
95, -220, 948
81, -230, 928
108, -236, 878
144, -243, 864
200, -270, 931
184, -296, 1018
150, -307, 1050
147, -279, 1044
223, -267, 1026
296, -276, 1089
326, -330, 1271
323, -355, 1393
323, -355, 1393
343, -374, 1477
-,-,-
-60, -175, 577
0, -129, 431
30, -42, 268
30, -42, 268
28, -23, 331
-15, -45, 530
2, -44, 629
2, -44, 629
69, -12, 608
105, 14, 599
99, -12, 704
99, -12, 704
122, -57, 845
167, -55, 946
184, -44, 964
173, -85, 958
193, -136, 979
244, -141, 1089
244, -141, 1089
245, -112, 1217
211, -96, 1248
218, -86, 1172
289, -98, 1155
253, -124, 1298
210, -129, 1363
220, -148, 1322
249, -179, 1365
267, -217, 1446
-,-,-
-95, -72, 614
-43, -113, 522
-7, -96, 343
-7, -96, 343
-22, -141, 346
-44, -181, 446
-34, -169, 502
-9, -127, 536
24, -64, 546
21, -32, 681
21, -32, 681
32, 0, 799
75, 36, 846
104, 12, 868
104, 12, 868
108, -59, 917
134, -113, 978
154, -120, 1053
165, -76, 1060
148, -85, 1026
126, -141, 992
126, -141, 992
134, -205, 948
197, -245, 986
198, -241, 1063
167, -209, 1084
159, -207, 1036
179, -229, 1013
245, -218, 1036
-,-,-
-73, -8, 373
-106, -73, 523
-106, -73, 523
-116, -105, 581
-62, -38, 477
14, -35, 416
25, -96, 594
-21, -102, 777
-41, -41, 829
-41, -41, 829
-36, 18, 717
-11, 23, 640
-10, -55, 724
0, -80, 813
0, -80, 813
9, -76, 860
34, -83, 841
117, -98, 855
117, -98, 855
214, -8, 986
197, 67, 1102
127, 73, 1133
97, 27, 1023
184, -68, 897
184, -68, 897
237, -143, 900
201, -146, 1014
157, -151, 1048
186, -159, 1066
284, -143, 1120
-,-,-
-89, -22, 447
-116, -79, 497
-116, -79, 497
-61, -40, 425
-22, 19, 270
-61, -25, 351
-86, -68, 571
-55, -35, 692
-55, -35, 692
-12, 18, 719
7, 13, 713
15, -48, 740
45, -105, 825
45, -105, 825
63, -122, 911
81, -111, 865
91, -161, 847
150, -212, 908
176, -217, 1025
151, -182, 1100
150, -134, 1046
150, -134, 1046
181, -151, 886
213, -190, 866
216, -216, 971
202, -264, 1084
205, -311, 1148
277, -343, 1218
302, -326, 1329
-,-,-
-18, -79, 413
13, -36, 252
0, -51, 219
-91, -84, 447
-60, -43, 453
-60, -43, 453
36, 11, 353
68, 40, 464
27, 17, 670
27, 17, 670
7, 4, 756
50, 10, 702
50, 10, 702
150, 5, 663
202, -105, 866
167, -201, 1081
131, -199, 1067
116, -166, 928
175, -175, 811
175, -175, 811
228, -238, 889
214, -308, 1073
161, -315, 1129
154, -273, 1066
261, -218, 970
325, -208, 1035
268, -274, 1234
209, -300, 1268
250, -312, 1236
326, -306, 1313
-,-,-
-36, -151, 539
-28, -139, 588
-45, -72, 489
-14, -20, 474
-14, -20, 474
5, 5, 536
0, 17, 585
-1, -3, 552
-1, -3, 552
-8, 13, 558
6, 59, 620
6, 59, 620
33, 65, 642
25, 23, 741
29, -10, 748
29, -10, 748
62, -58, 701
111, -110, 782
141, -141, 895
145, -166, 950
118, -191, 948
118, -191, 883
157, -206, 883
208, -210, 950
183, -207, 1063
131, -190, 1082
144, -220, 1023
228, -272, 982
293, -314, 1103
295, -343, 1262
264, -377, 1374
318, -409, 1457
404, -410, 1526
402, -430, 1649
-,-,-
5, -133, 593
5, -133, 593
12, -53, 534
20, 41, 402
-28, -31, 479
-28, -31, 479
-48, -90, 547
-25, -59, 495
-7, -7, 456
-12, 35, 546
-12, 35, 546
-30, 51, 703
-13, 59, 806
30, 13, 756
98, -29, 741
98, -29, 741
83, -100, 827
35, -162, 923
27, -185, 891
88, -197, 824
88, -197, 824
144, -247, 874
191, -295, 1059
188, -304, 1159
170, -297, 1127
198, -288, 1031
238, -265, 1091
221, -269, 1231
210, -272, 1254
191, -274, 1225
251, -275, 1192
336, -272, 1224
369, -302, 1332
-,-,-
-85, -112, 520
-74, -133, 557
38, -113, 428
53, -94, 353
53, -94, 353
-11, -88, 357
-82, -87, 476
-84, -70, 529
-22, -8, 507
5, 30, 527
5, 30, 527
2, -5, 608
-3, -50, 739
-3, -50, 739
26, -50, 834
76, -39, 816
108, -70, 824
108, -70, 824
133, -135, 875
157, -201, 1001
215, -230, 1064
232, -220, 1059
210, -213, 1016
179, -246, 997
161, -313, 1084
168, -333, 1119
195, -350, 1056
230, -366, 1084
286, -374, 1146
309, -419, 1285
319, -428, 1468
-,-,-
-75, 32, 480
-85, -21, 603
-20, -51, 473
9, -48, 332
-62, -78, 442
-62, -78, 442
-62, -101, 477
-11, -101, 449
15, -83, 484
4, -61, 542
-1, -28, 594
-1, -28, 594
28, 1, 691
49, 24, 811
71, 30, 830
71, 30, 830
118, 5, 809
123, -79, 883
102, -124, 994
102, -124, 994
126, -108, 991
155, -66, 921
179, -25, 923
203, -24, 1020
223, -103, 1135
240, -206, 1205
243, -243, 1233
269, -227, 1327
319, -229, 1428
282, -269, 1606
262, -313, 1722
-,-,-
-90, -3, 373
-140, -132, 518
-193, -141, 647
-105, -31, 401
-30, 80, 260
-30, 80, 260
-74, 49, 390
-152, -67, 562
-143, -76, 527
-74, -7, 410
-13, 0, 444
-13, 0, 444
9, -45, 624
15, -60, 807
41, -39, 839
41, -39, 839
145, -20, 775
201, -65, 866
205, -159, 1051
197, -227, 1136
229, -202, 1113
287, -86, 1075
285, -29, 1104
285, -29, 1104
227, -92, 1163
205, -161, 1194
288, -150, 1187
349, -78, 1161
335, -83, 1192
281, -193, 1264
259, -302, 1338
312, -358, 1388
-,-,-
-91, -59, 463
-163, -73, 666
-48, 69, 410
-48, 69, 410
35, 137, 137
-18, 19, 206
-81, -61, 431
-69, -30, 488
17, 25, 510
17, 25, 510
72, 19, 570
65, -13, 716
65, -13, 716
37, -23, 831
37, -26, 874
95, -87, 892
153, -157, 1015
148, -133, 1140
92, -88, 1185
92, -88, 1185
61, -82, 1106
110, -89, 988
164, -74, 1014
146, -74, 1115
118, -83, 1128
124, -99, 1075
124, -99, 1075
192, -120, 1057
228, -182, 1132
216, -240, 1179
190, -247, 1234
-,-,-
-109, -175, 476
4, 26, 246
4, 26, 246
16, 71, 198
-89, -48, 369
-134, -130, 529
-65, -64, 549
9, 11, 592
9, 11, 592
19, 3, 658
20, -37, 770
20, -37, 770
58, -59, 945
107, -56, 1038
116, -80, 1045
82, -154, 1043
59, -225, 1032
59, -225, 1032
146, -246, 987
213, -252, 988
188, -255, 1064
140, -245, 1080
124, -235, 1013
204, -221, 968
265, -273, 1074
257, -358, 1260
263, -400, 1310
270, -411, 1294
321, -417, 1353
364, -428, 1465
375, -440, 1562
387, -455, 1601
-,-,-
-29, -118, 559
26, -46, 435
-55, -103, 464
-138, -235, 670
-61, -186, 654
20, -86, 512
-17, -59, 500
-17, -59, 500
-75, -51, 551
-88, -24, 571
-50, 4, 516
-9, 14, 494
-9, 14, 494
-23, -30, 580
-11, -63, 628
51, -86, 712
150, -84, 801
150, -84, 801
164, -129, 933
141, -204, 980
146, -260, 995
155, -258, 1066
150, -257, 1087
143, -272, 1053
153, -326, 1050
235, -335, 1186
268, -325, 1413
254, -263, 1495
238, -240, 1400
276, -339, 1295
276, -339, 1295
268, -452, 1384
262, -497, 1450
274, -508, 1489
-,-,-
9, -38, 353
-129, -116, 551
-102, -60, 491
17, 58, 284
47, 75, 300
47, 75, 300
5, 21, 533
-27, -21, 684
-21, -24, 715
-21, -24, 715
54, -16, 684
175, -12, 656
179, -103, 874
135, -185, 1071
112, -217, 1089
164, -245, 934
257, -277, 868
257, -277, 868
283, -307, 1083
223, -327, 1315
197, -271, 1306
204, -254, 1179
278, -261, 1117
294, -280, 1206
225, -317, 1352
223, -363, 1383
257, -366, 1440
310, -326, 1480
-,-,-
-86, 0, 487
-66, -39, 556
2, -16, 476
2, -16, 476
25, -21, 443
28, -73, 551
28, -131, 736
28, -131, 736
79, -139, 854
127, -134, 928
163, -159, 965
185, -222, 985
186, -269, 1020
169, -280, 1004
140, -282, 950
165, -268, 918
165, -268, 958
234, -214, 958
243, -157, 1082
224, -107, 1149
223, -91, 1122
263, -101, 1144
328, -141, 1244
339, -208, 1358
353, -265, 1441
387, -323, 1518
-,-,-
-146, -204, 610
-72, -105, 501
24, -2, 316
40, 3, 335
15, -48, 470
15, -48, 470
0, -84, 600
-9, -80, 677
30, -39, 656
30, -39, 656
99, 17, 619
111, -11, 771
83, -53, 937
70, -67, 940
70, -67, 940
100, -96, 827
116, -140, 790
92, -182, 875
58, -224, 961
58, -224, 961
68, -237, 962
141, -217, 913
210, -207, 933
167, -243, 1057
135, -272, 1088
203, -277, 1129
275, -257, 1246
282, -212, 1318
277, -231, 1350
329, -324, 1405
373, -391, 1574
397, -417, 1705
387, -420, 1734
-,-,-
-70, -65, 589
-70, -65, 589
-27, -3, 458
37, 32, 341
-3, 36, 438
-3, 36, 438
-85, 4, 576
-107, 2, 606
-60, 13, 516
-60, 13, 516
-52, -4, 520
-32, -57, 659
-30, -116, 826
13, -121, 858
73, -116, 881
73, -116, 881
107, -142, 900
64, -226, 1024
55, -299, 990
104, -325, 918
179, -283, 909
224, -243, 1066
221, -195, 1177
210, -163, 1139
202, -167, 1063
202, -167, 1063
267, -187, 1017
311, -205, 1067
307, -239, 1176
305, -261, 1172
307, -315, 1150
352, -343, 1149
448, -369, 1222
-,-,-
-26, -73, 319
-63, -156, 456
-21, -157, 515
20, -73, 464
11, -31, 353
11, -31, 353
-23, -28, 325
-65, -49, 383
-65, -56, 459
-31, -37, 506
6, -34, 562
6, -34, 562
77, -45, 688
148, -58, 896
185, -74, 1025
193, -110, 1042
190, -167, 1001
190, -167, 1001
197, -263, 1014
260, -302, 1090
259, -295, 1166
235, -270, 1162
232, -255, 1070
290, -280, 1039
303, -304, 1105
299, -292, 1149
297, -261, 1158
348, -215, 1209
384, -206, 1331
395, -242, 1481
412, -272, 1587
-,-,-
-69, -104, 446
-92, -152, 495
-106, -147, 520
-89, -78, 480
-59, -27, 401
-38, -26, 462
-1, -33, 558
-1, -33, 558
8, -24, 698
10, -7, 763
10, -10, 766
10, -10, 766
28, -34, 747
77, -49, 735
90, -104, 835
102, -161, 871
102, -161, 871
98, -233, 901
177, -251, 917
235, -181, 1067
208, -126, 1209
163, -130, 1243
137, -194, 1200
127, -243, 1144
144, -252, 1117
187, -249, 1185
183, -244, 1301
176, -216, 1415
-,-,-
45, -85, 369
45, -85, 369
57, -53, 239
-83, -85, 472
-174, -87, 559
-107, -16, 442
-107, -16, 442
-15, 19, 337
-28, 18, 432
-77, -8, 554
-97, -10, 654
-35, 66, 681
-35, 66, 681
10, 82, 703
6, 0, 726
6, 0, 726
36, -63, 844
84, -102, 1018
111, -105, 1075
93, -104, 1048
33, -170, 1000
11, -250, 938
11, -250, 938
45, -306, 950
34, -342, 1007
15, -339, 989
33, -336, 943
114, -321, 958
181, -302, 1051
181, -302, 1051
225, -333, 1185
265, -377, 1352
365, -414, 1531
-,-,-
-108, -125, 338
-97, -43, 441
-143, -59, 529
-157, -108, 609
-34, 45, 486
-34, 45, 288
72, 171, 288
12, -15, 402
-73, -141, 584
-105, -103, 693
-17, 10, 783
-17, 10, 783
88, 120, 871
82, 86, 1003
35, -47, 1046
22, -154, 1012
92, -138, 1036
92, -138, 1036
125, -80, 1092
125, -55, 1115
102, -60, 1098
112, -68, 1047
208, 0, 1043
215, 16, 1125
164, -31, 1214
164, -31, 1214
110, -64, 1231
161, -38, 1182
-,-,-
-80, -67, 543
31, -9, 365
31, -9, 365
35, 1, 306
-25, 9, 457
-25, 9, 457
-72, 20, 545
-48, 66, 524
0, 115, 463
0, 115, 463
25, 120, 465
-22, 80, 577
-63, 76, 724
-13, 143, 783
-13, 143, 783
42, 152, 783
91, 71, 823
114, -36, 928
136, -77, 993
136, -77, 993
130, -119, 1069
141, -146, 1167
164, -93, 1233
182, -46, 1186
153, -48, 1143
109, -79, 1156
106, -135, 1201
108, -162, 1213
98, -133, 1178
56, -133, 1167
56, -137, 1167
-,-,-
-55, -2, 423
-55, -2, 423
19, 46, 263
18, 24, 181
-74, 24, 297
-74, -74, 297
-114, -110, 435
-65, -23, 492
65, 107, 457
87, 130, 576
87, 130, 576
7, 47, 788
-50, -20, 841
-8, -28, 770
49, -56, 733
49, -56, 733
91, -128, 831
97, -206, 923
62, -248, 970
102, -198, 974
251, -129, 1070
251, -129, 1070
350, -152, 1238
265, -228, 1463
158, -274, 1494
167, -302, 1470
217, -349, 1518
-,-,-
-101, 28, 270
-101, 28, 270
-48, 92, 142
-95, 62, 283
-156, 12, 470
-112, 25, 494
-11, 98, 396
-11, 98, 396
41, 129, 460
17, 116, 667
-39, 71, 833
-39, 71, 833
-13, 72, 828
69, 48, 779
122, -12, 873
93, -99, 1052
93, -99, 1052
96, -132, 1061
132, -167, 995
149, -208, 993
143, -213, 1070
130, -172, 1137
114, -119, 1110
168, -49, 1005
214, -22, 1021
206, -43, 1190
206, -43, 1190
172, -60, 1291
157, -40, 1304
218, -7, 1321
-,-,-
-103, -38, 572
-138, -91, 701
-86, -37, 514
-18, 32, 320
-51, 11, 443
-51, 11, 443
-123, -48, 598
-143, -73, 598
-112, -42, 463
-99, -3, 504
-114, 20, 560
-114, 20, 560
-127, 16, 620
-105, 4, 653
-26, -12, 634
15, -54, 756
20, -73, 902
20, -73, 902
-4, -72, 1013
18, -65, 954
37, -102, 844
85, -161, 838
85, -161, 838
122, -213, 988
108, -230, 1137
92, -174, 1116
85, -131, 1056
176, -126, 975
210, -231, 1085
183, -291, 1220
193, -262, 1257
243, -224, 1289
316, -228, 1383
-,-,-
27, 3, 482
-93, -54, 537
-173, -135, 602
-152, -153, 471
-16, -40, 210
7, 33, 123
7, 33, 123
-44, 19, 268
-89, -13, 414
-79, -16, 539
-79, -16, 539
-23, 33, 575
43, 105, 587
89, 116, 636
114, 30, 883
114, 30, 883
122, -22, 1112
153, -22, 1113
162, -38, 1000
168, -109, 940
187, -185, 1044
195, -200, 1139
197, -180, 1129
193, -154, 1016
207, -178, 943
207, -178, 943
239, -266, 1019
251, -311, 1122
260, -317, 1113
275, -275, 1102
319, -202, 1071
344, -214, 1130
382, -257, 1327
408, -270, 1560
428, -271, 1672
-,-,-
-70, -68, 469
-51, -121, 435
-12, -73, 367
-54, -20, 379
-104, -37, 486
-46, -38, 473
19, -14, 436
19, -14, 436
16, -41, 538
-33, -62, 702
-26, 29, 844
23, 171, 909
23, 171, 909
58, 184, 919
33, 55, 982
-6, -82, 988
-6, -82, 988
22, -110, 945
73, -93, 889
86, -97, 919
72, -86, 922
72, -86, 922
59, -97, 947
120, -118, 966
140, -113, 1055
133, -67, 1078
106, -28, 1038
99, -34, 1018
99, -34, 1018
206, -31, 1059
225, -52, 1245
202, -92, 1364
195, -139, 1409
-,-,-
-48, -96, 410
-48, -96, 410
-28, -100, 373
-27, -140, 492
-39, -142, 597
-34, -102, 588
-12, -20, 531
-15, 0, 602
-15, 0, 602
-46, -15, 730
-62, -32, 861
-57, -33, 911
-33, -71, 899
-14, -111, 862
-14, -111, 862
-19, -142, 882
-40, -149, 933
-42, -163, 960
-4, -193, 1005
46, -198, 1056
64, -159, 1054
101, -123, 991
100, -129, 998
100, -129, 998
82, -156, 1086
58, -138, 1171
76, -138, 1188
-,-,-
-151, -110, 396
-141, -162, 539
-66, -83, 494
-31, -11, 374
-33, 8, 424
-40, -38, 569
-40, -38, 569
-46, -54, 678
-47, -43, 692
-36, -41, 691
24, -71, 676
63, -110, 832
63, -110, 832
39, -157, 1019
50, -187, 1059
87, -182, 961
155, -247, 854
159, -307, 863
164, -360, 896
185, -360, 890
185, -360, 890
263, -226, 983
357, -96, 1086
381, -76, 1116
364, -151, 1191
460, -263, 1342
470, -321, 1523
-,-,-
-153, -68, 578
-149, -92, 637
-95, -85, 475
-41, -22, 291
-41, -22, 291
-62, -5, 240
-100, -34, 282
-100, -59, 252
-82, -94, 291
-64, -67, 404
-64, -67, 404
-56, 3, 518
-46, 37, 561
-27, -4, 594
-14, -81, 723
-14, -81, 723
-7, -122, 828
-18, -167, 891
33, -207, 888
142, -205, 907
152, -214, 1053
120, -227, 1171
133, -243, 1176
202, -257, 1148
207, -297, 1231
194, -383, 1296
194, -383, 1296
181, -447, 1348
190, -414, 1444
-,-,-
-102, -86, 479
-125, -169, 590
-100, -201, 500
-62, -201, 375
-69, -164, 399
-54, -58, 357
-54, -58, 357
-51, -8, 354
-85, -6, 449
-100, -3, 545
-81, 9, 556
-81, 9, 556
-73, -6, 545
-75, 3, 565
-75, -32, 590
-75, -32, 590
-99, -97, 753
-84, -145, 854
-54, -133, 948
-1, -92, 985
80, -105, 1007
45, -175, 1166
45, -175, 1166
-18, -206, 1316
-33, -173, 1299
53, -110, 1159
96, -79, 1136
61, -117, 1313
36, -212, 1560
62, -222, 1749
64, -252, 1775
-,-,-
91, 54, 273
29, 110, 169
-173, -84, 602
-250, -209, 818
-72, -100, 442
41, 31, 110
41, 31, 110
-29, -4, 329
-116, -119, 611
-141, -145, 756
-99, -123, 744
-34, -90, 766
-30, -124, 942
-62, -132, 1069
-62, -132, 1069
-95, -123, 1117
-90, -105, 1062
-20, -62, 939
-44, -37, 997
-64, -11, 1051
-59, -46, 1024
-14, -97, 937
43, -119, 879
43, -119, 879
46, -127, 941
-10, -145, 1058
-24, -168, 1115
53, -186, 1041
128, -180, 1002
183, -123, 1243
178, -119, 1508
-,-,-
-114, 57, 561
-114, 57, 561
-94, 71, 591
-16, 25, 660
-26, -74, 854
-61, -157, 1092
-31, -181, 1089
19, -160, 927
19, -160, 927
-10, -170, 941
-60, -171, 1086
-63, -138, 1170
-43, -137, 1158
19, -140, 1046
77, -127, 991
46, -129, 1059
-39, -159, 1132
-79, -177, 1170
-49, -172, 1152
11, -196, 1040
11, -196, 1040
4, -197, 1075
-,-,-
-102, -167, 479
-67, -103, 460
-67, -103, 460
-23, -29, 404
-24, -4, 387
-30, -5, 411
-52, -31, 473
-47, -50, 504
-47, -50, 504
-45, -46, 526
-55, -58, 651
-41, -93, 765
-10, -119, 775
23, -132, 781
37, -125, 833
37, -125, 833
23, -118, 840
7, -136, 851
15, -154, 930
30, -161, 975
45, -157, 961
45, -157, 961
69, -143, 944
94, -122, 949
107, -110, 975
102, -139, 1032
135, -218, 1132
183, -262, 1307
212, -256, 1462
221, -234, 1577
257, -229, 1700
-,-,-
-70, -92, 403
-5, -52, 88
-20, -30, 98
-20, -30, 98
-84, -137, 300
-122, -219, 498
-31, -145, 545
93, -52, 499
77, -47, 681
1, -118, 890
1, -118, 890
-27, -153, 1007
-5, -161, 985
55, -173, 894
55, -180, 892
20, -202, 911
20, -202, 911
52, -180, 914
110, -112, 883
136, -69, 899
197, -56, 945
285, -102, 1069
324, -121, 1264
362, -108, 1426
429, -114, 1600
479, -163, 1693
-,-,-
-90, 57, 395
-110, 23, 414
-110, 23, 414
-147, -64, 490
-144, -134, 434
-93, -230, 276
-101, -312, 262
-97, -352, 334
-68, -341, 415
-24, -292, 555
5, -234, 660
5, -234, 660
7, -184, 728
3, -146, 746
61, -131, 811
143, -95, 906
163, -62, 968
163, -62, 968
156, -38, 955
171, -47, 936
258, -22, 1015
332, 28, 1093
334, 48, 1170
334, 48, 1170
347, 8, 1208
394, -41, 1289
469, -95, 1426
471, -130, 1586
450, -168, 1687
457, -193, 1711
459, -215, 1745
-,-,-
-30, -106, 359
-90, -172, 606
-48, -142, 697
49, -82, 650
49, -82, 650
84, -62, 638
43, -99, 728
51, -133, 890
129, -141, 999
129, -141, 999
170, -135, 1037
167, -128, 1080
168, -107, 1126
190, -58, 1168
200, -44, 1157
217, -49, 1092
249, -98, 1100
239, -140, 1190
218, -123, 1267
204, -105, 1225
183, -116, 1229
205, -133, 1262
210, -162, 1305
217, -152, 1364
217, -152, 1364
211, -115, 1541
170, -162, 1651
123, -210, 1709
-,-,-
-41, 83, 596
24, 106, 495
22, 73, 492
-33, -3, 653
-33, -3, 653
-80, -53, 726
-16, -32, 637
75, 8, 483
50, 27, 558
50, 27, 558
-14, 5, 715
-50, -34, 821
19, -30, 789
19, -30, 789
115, 20, 699
88, 9, 809
73, -33, 933
73, -33, 933
98, -33, 940
109, -8, 919
104, 23, 855
104, 23, 855
100, 20, 873
115, 24, 967
114, 50, 1046
129, 74, 1039
172, 48, 958
172, 48, 958
192, -14, 1014
168, -37, 1172
147, -56, 1331
155, -132, 1447
209, -173, 1526
208, -182, 1699
-,-,-
-96, -44, 528
-96, -44, 528
-98, -62, 457
-44, -103, 462
-44, -145, 527
-50, -152, 587
-18, -128, 553
-35, -88, 598
-50, -60, 729
-50, -60, 729
-8, -30, 795
-5, -23, 830
-15, -34, 868
-8, -58, 904
-8, -58, 904
-29, -76, 974
-43, -98, 954
-14, -97, 908
18, -100, 890
27, -54, 914
27, -54, 914
30, -10, 921
50, -7, 965
160, 2, 1067
160, 2, 1067
226, 46, 1165
217, 73, 1245
180, 34, 1293
194, -73, 1288
234, -141, 1353
271, -158, 1494
241, -170, 1687
243, -207, 1785
-,-,-
-38, -96, 474
-38, -96, 474
41, -89, 370
89, -53, 348
39, -45, 529
-31, -59, 723
-31, -59, 723
-38, -40, 802
-6, 17, 799
33, 82, 807
59, 96, 817
59, 96, 817
85, 71, 871
66, 43, 946
66, 43, 946
42, -2, 952
35, -61, 921
70, -82, 893
70, -82, 893
87, -90, 893
75, -73, 952
62, -62, 957
110, -45, 962
110, -45, 962
177, -12, 979
195, 7, 1029
178, -10, 1093
206, -81, 1164
255, -145, 1267
262, -160, 1393
265, -155, 1553
-,-,-
35, 38, 307
51, 19, 221
-98, -98, 479
-153, -139, 717
-5, -34, 505
-5, -34, 505
102, 31, 248
35, -47, 381
-51, -136, 617
-82, -152, 747
-24, -110, 690
-24, -110, 690
21, -86, 649
18, -96, 726
-8, -132, 807
7, -119, 796
7, -119, 796
23, -103, 803
22, -116, 832
16, -108, 924
25, -88, 959
127, -67, 912
127, -67, 912
233, -82, 959
214, -115, 1206
167, -108, 1349
167, -102, 1292
266, -148, 1192
333, -188, 1236
301, -223, 1402
281, -260, 1529
304, -269, 1621
-,-,-
15, 10, 389
15, 10, 389
-73, -57, 491
-87, -148, 626
-30, -167, 522
17, -126, 405
9, -94, 372
9, -94, 372
-45, -79, 471
-59, -71, 553
-26, -38, 587
21, -25, 620
21, -25, 620
76, -23, 705
91, -31, 853
68, -30, 931
68, -30, 931
50, -31, 918
109, -66, 874
175, -94, 987
169, -134, 1149
139, -160, 1165
119, -169, 1067
180, -154, 953
180, -154, 953
254, -122, 969
278, -151, 1181
292, -193, 1336
314, -206, 1346
307, -208, 1357
302, -223, 1459
-,-,-
-95, -55, 656
-95, -55, 656
-56, -74, 525
-3, -56, 345
-31, -84, 391
-85, -129, 553
-91, -121, 662
-91, -121, 662
-44, -70, 653
-1, -8, 600
7, 11, 663
-23, -21, 735
-23, -21, 735
-29, -25, 784
-4, -15, 782
43, -7, 800
41, -20, 914
41, -20, 914
27, -59, 980
54, -72, 949
133, -84, 910
168, -89, 1007
149, -98, 1123
149, -98, 1123
129, -112, 1201
229, -136, 1148
332, -137, 1136
320, -147, 1221
304, -187, 1327
342, -238, 1376
401, -281, 1451
427, -297, 1557
-,-,-
-57, -74, 681
-57, -74, 681
34, -34, 476
72, -13, 326
4, -69, 377
-57, -131, 529
-57, -131, 529
-69, -143, 662
12, -115, 557
64, -79, 467
-2, -69, 651
-9, -62, 740
-9, -62, 740
34, -24, 810
62, 3, 888
68, 31, 928
68, 31, 928
49, 30, 981
51, 9, 1013
119, -5, 993
119, -5, 993
138, -24, 1005
131, -33, 1015
92, -33, 1028
107, -31, 1074
134, -38, 1153
162, -48, 1194
162, -48, 1194
244, -81, 1161
270, -128, 1234
258, -168, 1373
256, -191, 1541
-,-,-
-53, -21, 597
2, -48, 527
27, -93, 437
-21, -179, 478
-58, -206, 504
-58, -206, 504
-77, -183, 495
-51, -133, 499
0, -63, 539
16, -9, 614
17, -3, 701
17, -3, 701
0, -1, 742
25, 5, 723
25, 5, 723
74, -10, 715
79, -45, 852
56, -90, 948
56, -90, 948
71, -104, 950
156, -113, 909
234, -110, 980
219, -104, 1130
163, -99, 1207
181, -97, 1136
285, -112, 993
311, -162, 1041
311, -162, 1041
264, -235, 1226
225, -289, 1309
247, -328, 1302
284, -324, 1372
313, -326, 1497
328, -347, 1534
-,-,-
-28, -77, 401
-106, -129, 487
-153, -153, 574
-88, -114, 553
15, -68, 346
27, -63, 224
27, -63, 224
-45, -100, 372
-92, -121, 550
-78, -103, 612
-23, -56, 587
-2, -34, 616
5, -62, 732
5, -62, 732
15, -68, 840
9, -93, 941
9, -106, 925
9, -106, 925
45, -122, 826
97, -184, 846
139, -241, 979
142, -240, 1097
145, -203, 1106
215, -169, 1038
286, -172, 1061
286, -172, 1061
265, -213, 1217
286, -251, 1351
362, -274, 1397
414, -309, 1471
435, -334, 1552
-,-,-
-1, 0, 384
19, 0, 356
19, 0, 356
-52, -38, 410
-112, -81, 496
-60, -91, 430
53, -83, 254
53, -83, 254
71, -97, 275
1, -138, 521
-41, -143, 696
-1, -93, 684
-1, -93, 684
56, -69, 691
81, -89, 804
70, -107, 937
74, -113, 946
74, -113, 946
149, -129, 917
239, -164, 994
226, -185, 1168
190, -176, 1245
184, -154, 1164
270, -146, 1058
304, -166, 1061
281, -211, 1168
271, -263, 1245
324, -334, 1279
381, -362, 1314
408, -360, 1357
428, -342, 1394
428, -342, 1394
-,-,-
14, 7, 450
-75, -33, 610
-90, -69, 622
11, -52, 408
11, -52, 408
53, -31, 258
23, -84, 289
-26, -124, 408
-44, -120, 521
-32, -105, 563
-32, -105, 563
-5, -76, 613
9, -73, 642
27, -68, 726
48, -72, 811
48, -72, 811
42, -103, 877
16, -150, 991
17, -177, 1027
101, -194, 979
160, -188, 944
105, -155, 1008
29, -124, 1027
29, -124, 1027
70, -121, 966
221, -144, 924
325, -198, 1057
310, -269, 1322
292, -295, 1508
336, -287, 1511
374, -285, 1531
391, -321, 1617
403, -367, 1705
-,-,-
-105, -15, 317
-28, -18, 169
0, -34, 187
0, -34, 187
-27, -56, 376
-33, -41, 532
-7, -12, 607
19, -8, 688
19, -8, 688
21, -33, 837
41, -66, 882
42, -105, 864
42, -105, 864
45, -146, 951
28, -182, 1072
33, -178, 1137
66, -174, 1081
154, -145, 1012
223, -110, 1063
213, -110, 1166
171, -101, 1249
146, -117, 1234
223, -117, 1114
223, -157, 1114
291, -180, 969
283, -206, 1044
214, -237, 1189
148, -240, 1274
178, -268, 1250
264, -281, 1183
282, -277, 1260
-,-,-
-94, -27, 470
-10, 25, 391
-50, 73, 310
-50, 73, 310
-74, 49, 358
-85, 2, 355
-59, -30, 300
-37, -58, 334
-37, -58, 334
-31, -78, 497
-70, -66, 683
-91, -33, 820
-54, -10, 757
-30, -48, 803
-30, -48, 803
44, -71, 778
34, -116, 820
-14, -168, 955
-17, -189, 1014
55, -197, 1000
131, -187, 949
140, -145, 975
140, -145, 975
113, -94, 1024
91, -102, 1119
152, -134, 1235
200, -158, 1258
225, -190, 1211
223, -259, 1164
197, -316, 1216
158, -345, 1330
132, -354, 1369
-,-,-
46, -9, 462
46, -9, 462
10, -44, 539
-2, -115, 541
-22, -177, 509
-16, -185, 505
7, -122, 476
7, -122, 476
8, -45, 509
-18, -6, 648
-20, 6, 804
-20, 6, 804
-13, -8, 859
7, -9, 811
-11, -9, 807
-11, -9, 807
-36, -30, 870
-56, -56, 980
-18, -84, 1064
20, -104, 1050
20, -81, 1027
20, -81, 1027
28, -55, 967
72, -49, 934
63, -49, 1037
38, -49, 1120
79, -31, 1076
79, -31, 1076
163, -34, 1035
196, -30, 1118
189, -17, 1218
-,-,-
-47, 97, 1369
-108, 25, 1227
-102, -78, 916
-187, -105, 812
-261, -141, 691
-296, -227, 734
-296, -227, 734
-318, -304, 829
-246, -251, 656
-236, -175, 405
-248, -106, 565
-230, -70, 733
-215, -97, 682
-156, -45, 432
-113, -33, 257
-137, -79, 306
-142, -114, 470
-77, -49, 429
-13, 28, 345
-13, 28, 345
26, 35, 359
57, 18, 488
83, 18, 612
83, 18, 612
90, 7, 687
111, 53, 782
111, 53, 782
89, 48, 954
78, 1, 1016
102, -39, 1023
196, -28, 996
196, -28, 996
173, -28, 1209
110, -78, 1451
65, -192, 1568
-,-,-
-91, -58, 841
8, -42, 850
4, 25, 520
4, 25, 520
31, 50, 394
-1, -7, 419
-1, -7, 419
10, -11, 407
6, -41, 266
-11, -71, 255
-11, -71, 255
-22, -99, 356
-35, -110, 392
-62, -143, 354
-71, -158, 452
-74, -152, 590
-67, -117, 728
-63, -91, 801
-63, -91, 801
-23, -42, 774
5, 4, 850
21, 72, 1031
21, 72, 1031
41, 78, 1073
57, 69, 1057
54, 62, 1093
58, 95, 1145
58, 95, 1145
59, 92, 1126
97, 32, 1121
127, -1, 1152
115, -18, 1158
115, -18, 1158
89, -33, 1200
103, -51, 1237
123, -57, 1262
117, -50, 1385
113, -49, 1434
107, -120, 1429
-,-,-
-53, -48, 903
-53, -48, 903
-30, -32, 843
9, 13, 635
19, 43, 452
-28, 15, 437
-28, 15, 437
-68, -16, 550
-54, -65, 429
-52, -86, 311
-70, -89, 355
-70, -89, 355
-90, -110, 416
-97, -96, 415
-73, -59, 400
-45, -127, 470
-64, -183, 699
-79, -145, 929
-37, -25, 929
-37, -25, 929
41, 68, 832
103, 107, 950
89, 56, 1154
64, -4, 1191
64, -4, 1191
103, -19, 1042
178, -4, 910
209, 55, 1087
211, 61, 1177
214, 9, 1121
214, 9, 1121
221, -84, 1184
207, -117, 1315
210, -85, 1443
-,-,-
-30, -51, 512
-47, -10, 322
-107, -42, 424
-148, -153, 633
-142, -63, 628
-101, 72, 324
-60, 105, 170
-81, 81, 359
-81, 81, 359
-88, -3, 504
-70, -87, 613
-58, -114, 629
-21, -18, 643
-21, -18, 643
0, 6, 681
27, -47, 628
43, -133, 749
50, -149, 897
50, -149, 897
30, -148, 987
43, -119, 1010
103, -20, 1043
160, 76, 1068
192, 129, 1074
195, 115, 1174
195, 115, 1174
240, 95, 1174
271, 129, 1284
283, 218, 1514
243, 155, 1611
200, 60, 1549
159, -100, 1336
135, -167, 1253
101, -142, 1392
91, -148, 1476
100, -179, 1546
-,-,-
-78, -152, 299
-168, -238, 474
-163, -226, 560
-163, -226, 599
-117, -161, 599
-25, -34, 494
-14, 1, 499
-3, -25, 753
-4, -92, 954
4, -55, 1082
4, -55, 1082
8, -2, 1072
26, -10, 1016
40, -47, 1030
32, -20, 1142
32, -20, 1142
25, 45, 1137
31, 61, 1018
52, 9, 978
52, 9, 978
52, -6, 993
47, 0, 1118
51, -67, 1273
51, -67, 1273
62, -80, 1266
88, 15, 1260
86, 48, 1338
-,-,-
-58, 37, 331
-5, 45, 157
-5, 45, 157
-79, -90, 294
-166, -330, 639
-124, -284, 824
-20, -114, 835
24, -50, 800
8, -50, 861
8, -74, 861
-32, -131, 899
-29, -110, 963
46, -48, 926
129, -10, 954
129, -10, 954
140, 0, 1117
106, -2, 1179
87, 1, 1083
105, 19, 936
105, 19, 936
164, 7, 884
164, -50, 1019
151, -71, 1178
137, -73, 1213
222, -76, 1125
222, -76, 1125
262, -51, 1150
266, -76, 1292
-,-,-
-99, -63, 264
-35, -57, 359
-109, -183, 840
-76, -149, 1050
-76, -149, 1050
8, -56, 897
52, -25, 827
63, -40, 1010
67, -66, 1179
59, -59, 1066
59, -59, 1066
42, -26, 927
-22, -86, 828
-82, -161, 764
-100, -151, 712
-107, -85, 723
-92, 18, 658
-92, 18, 658
-83, 43, 595
-70, -9, 709
-24, -10, 810
17, 31, 847
17, 31, 847
57, 39, 925
105, 16, 1056
158, 28, 1054
158, 28, 1054
124, -6, 1146
108, -103, 1351
118, -230, 1538
57, -281, 1757
23, -200, 1798
-,-,-
-75, 53, 534
-75, 53, 534
-82, 39, 379
-44, 8, 258
-90, -66, 349
-90, -66, 349
-110, -98, 479
-34, -73, 432
-13, -45, 427
-40, -33, 606
-96, -52, 740
-116, -47, 785
-116, -47, 785
-50, -56, 782
25, -85, 834
55, -119, 940
17, -131, 1078
-1, -85, 1095
68, -32, 1004
68, -32, 1004
136, 31, 1010
147, 28, 1060
118, -37, 1160
58, -99, 1185
54, -88, 1054
54, -88, 1054
41, -91, 1051
58, -109, 1161
-,-,-
-109, -26, 428
-115, -128, 468
-133, -128, 491
-133, -203, 491
-121, -223, 595
-71, -144, 440
-88, -133, 304
-91, -226, 574
-58, -177, 747
-16, -68, 698
-30, 5, 653
-59, 68, 754
-59, 68, 754
-112, -22, 851
-105, -89, 860
-97, -81, 850
-101, -86, 967
-59, -52, 981
-59, -52, 981
-42, 12, 1060
-40, 80, 1020
-38, 84, 954
16, 79, 1004
46, 120, 1166
46, 120, 1166
70, 224, 1221
64, 227, 1205
46, 134, 1041
74, -33, 1204
69, -126, 1456
-,-,-
-57, 30, 556
-57, 30, 556
-80, -65, 534
-80, -162, 560
-70, -209, 309
-76, -169, 134
-118, -149, 274
-171, -150, 438
-125, -81, 413
-125, -81, 413
-40, 33, 319
-16, 33, 497
-64, -64, 719
-76, -99, 818
-42, -80, 739
-42, -80, 739
-2, -47, 774
2, -57, 862
-29, -24, 932
-22, 14, 935
-22, 14, 935
26, 16, 923
27, -78, 1049
26, -86, 1187
72, 50, 1173
72, 50, 1173
122, 5, 1039
126, -49, 1138
101, -104, 1447
99, -58, 1575
132, -3, 1643
-,-,-
-91, -4, 522
-91, -4, 522
-114, -64, 547
-46, -24, 517
-29, -50, 206
-74, -108, 213
-114, -200, 415
-102, -232, 458
-42, -172, 401
1, -61, 344
1, -61, 344
-1, -49, 472
-15, -119, 693
7, -111, 714
7, -111, 714
22, -52, 680
0, -22, 742
-9, -36, 896
14, -36, 955
14, -86, 955
12, -132, 990
10, -84, 999
-13, -9, 995
-13, -9, 995
16, 69, 900
95, 89, 936
135, 36, 1128
138, 0, 1193
138, 0, 1193
142, -53, 1186
189, -142, 1155
214, -159, 1320
192, -153, 1498
162, -155, 1488
180, -214, 1427
-,-,-
-95, -352, 402
-166, -327, 437
-118, -223, 318
-125, -81, 239
-143, -75, 358
-158, -109, 620
-109, -54, 750
-109, -54, 745
-38, 27, 745
9, 82, 799
1, 67, 848
-20, -4, 959
-20, -4, 959
-59, -92, 1045
-59, -79, 1018
-34, -40, 903
-8, -26, 829
16, -23, 875
16, -23, 875
29, -29, 963
25, -79, 991
72, -154, 1016
115, -205, 1122
115, -205, 1122
134, -185, 1256
146, -140, 1274
144, -185, 1259
147, -225, 1230
165, -244, 1310
-,-,-
-133, -180, 450
-166, -204, 260
-140, -139, 253
-128, -22, 273
-143, 22, 399
-147, -2, 531
-147, -2, 531
-111, 11, 526
-69, 2, 524
-84, -56, 702
-64, -60, 844
-78, -67, 896
-78, -67, 896
-83, -83, 910
-74, -118, 876
-68, -136, 917
-41, -117, 1026
-9, -62, 1015
16, 0, 963
16, 0, 963
55, 0, 928
83, -42, 1026
87, -67, 1256
87, -67, 1256
112, -59, 1325
147, -92, 1265
165, -169, 1292
167, -194, 1449
172, -160, 1540
191, -128, 1479
195, -170, 1420
192, -194, 1441
183, -202, 1485
184, -195, 1487
203, -178, 1488
218, -171, 1520
-,-,-
-138, -148, 497
-191, -145, 689
-80, -47, 561
-80, -47, 561
15, 25, 378
11, -14, 506
-34, -100, 729
-55, -119, 871
-3, -77, 796
-3, -77, 796
56, -28, 686
46, 13, 767
-6, -15, 891
-6, -15, 891
-41, -61, 888
21, -105, 871
79, -119, 876
76, -102, 923
69, -84, 1014
69, -84, 1014
135, -86, 1065
139, -142, 1104
135, -158, 1136
131, -148, 1109
175, -203, 1101
267, -200, 1269
306, -95, 1497
288, -16, 1495
280, -11, 1366
313, -85, 1271
310, -171, 1261
-,-,-
-13, -116, 301
1, -32, 148
-103, -113, 208
-132, -124, 285
-61, -53, 199
-61, -53, 199
-44, -48, 239
-46, -83, 450
-65, -111, 552
-80, -92, 641
-62, -56, 625
-41, -74, 660
-41, -74, 660
-37, -167, 768
-32, -256, 877
-17, -265, 918
-8, -242, 929
4, -238, 873
24, -223, 861
24, -223, 861
52, -169, 930
69, -92, 1024
96, -59, 1100
137, -131, 1111
208, -182, 1297
239, -169, 1612
224, -164, 1762
-,-,-
26, -35, 173
-76, -27, 264
-159, -115, 669
-147, -91, 580
-147, -91, 580
-62, -32, 233
-23, -31, 152
-43, -34, 356
-68, -59, 592
-49, -33, 727
-7, 35, 704
-7, 35, 704
28, 69, 674
10, 18, 693
10, 18, 693
-12, -78, 841
27, -135, 880
91, -113, 921
97, -74, 983
97, -74, 983
66, -91, 1033
29, -121, 1099
65, -141, 1043
145, -157, 1057
161, -129, 1220
154, -128, 1322
112, -194, 1490
-,-,-
-27, -5, 643
-27, -5, 643
-4, 8, 475
37, 34, 356
27, 1, 439
27, 1, 439
-17, -58, 610
-52, -102, 678
-37, -116, 646
6, -128, 657
6, -128, 657
6, -154, 754
-7, -177, 845
-25, -184, 1003
-7, -167, 1023
-28, -106, 975
-70, -84, 969
-70, -84, 969
-57, -68, 966
1, -25, 993
11, 25, 1079
14, 84, 1030
14, 84, 1030
12, 127, 900
4, 89, 817
36, 35, 985
36, 35, 985
77, -25, 1236
71, -137, 1472
68, -194, 1635
-,-,-
-103, -88, 614
-38, -251, 510
-44, -257, 247
-95, -208, 47
-95, -208, 47
-146, -200, 301
-193, -214, 613
-212, -198, 717
-140, -117, 755
-73, -44, 677
-72, -61, 760
-100, -130, 963
-107, -189, 1050
-77, -162, 1044
-23, -87, 993
-23, -87, 993
2, -29, 970
15, -33, 947
12, -47, 977
29, -22, 1085
29, -22, 1085
77, 18, 1120
130, 26, 1053
184, -38, 1107
244, -169, 1288
258, -222, 1503
259, -213, 1613
252, -209, 1565
246, -266, 1498
201, -386, 1496
-,-,-
-29, -36, 235
-105, -136, 456
-139, -232, 590
-48, -176, 439
-33, -84, 201
-69, -94, 408
-107, -148, 672
-95, -141, 877
-95, -141, 877
-75, -121, 854
-64, -172, 718
-42, -200, 778
-71, -234, 944
-89, -234, 1036
-50, -228, 1023
17, -186, 960
41, -122, 923
41, -122, 923
3, -82, 1013
-4, -56, 1165
74, -18, 1274
144, -13, 1319
189, -11, 1129
156, -43, 1125
156, -43, 1125
157, -119, 1286
148, -162, 1505
-,-,-
-120, -149, 561
5, -12, 369
38, 32, 229
-32, -37, 410
-105, -117, 607
-107, -161, 716
-107, -161, 716
-55, -134, 654
5, -64, 624
-9, -90, 712
-28, -172, 981
22, -215, 1166
79, -156, 1194
79, -156, 1123
111, -51, 1123
95, 5, 1076
48, -48, 1171
35, -117, 1277
47, -151, 1293
84, -139, 1195
118, -88, 1106
118, -88, 1106
154, -55, 1161
172, -16, 1273
133, 0, 1385
-,-,-
-12, 119, 421
26, 190, 208
26, 190, 208
-3, 2, 694
-55, -136, 1100
31, -16, 1151
139, 60, 963
139, 60, 963
164, 35, 978
162, -41, 1189
149, -72, 1266
159, -25, 1188
181, 32, 1061
215, 66, 952
215, 66, 952
189, 85, 946
174, 55, 991
191, 9, 1051
191, 9, 1051
226, -10, 1113
254, -29, 1167
307, -75, 1177
295, -130, 1227
285, -188, 1364
295, -176, 1442
-,-,-
-152, -153, 632
-110, -12, 481
-58, 51, 268
-50, 65, 250
-102, 19, 398
-102, 19, 398
-134, -34, 556
-112, -8, 657
-70, 43, 708
-30, 55, 723
-30, 55, 744
-7, 35, 744
-57, -63, 839
-104, -160, 999
-111, -198, 1108
-85, -189, 1091
-33, -155, 981
14, -161, 932
14, -161, 932
62, -137, 1047
87, -76, 1162
107, -35, 1200
105, -35, 1212
137, -50, 1160
166, -93, 1165
179, -135, 1272
218, -148, 1394
195, -209, 1460
188, -228, 1425
188, -228, 1425
-,-,-
-105, -150, 512
-99, -178, 649
-65, -87, 480
-18, 29, 325
-18, 29, 325
-37, 95, 303
-75, 75, 506
-91, 64, 745
-91, 64, 745
-62, 65, 756
-12, 17, 660
12, -23, 648
30, -48, 756
30, -48, 756
18, -72, 943
-16, -116, 1009
-15, -117, 999
33, -94, 897
72, -102, 939
72, -102, 939
90, -96, 1040
116, -47, 1096
135, -10, 1086
148, 3, 1054
178, -40, 1020
227, -139, 1152
264, -204, 1335
264, -204, 1335
276, -240, 1489
300, -245, 1569
-,-,-
-66, -23, 474
-51, -91, 607
-16, -62, 507
12, -32, 424
-17, -33, 529
-28, -44, 664
-28, -44, 664
-43, -60, 796
-27, -50, 841
15, -20, 817
53, 2, 798
53, 2, 798
22, -15, 861
-21, -72, 928
-31, -125, 956
14, -102, 937
14, -102, 937
66, -25, 983
74, 60, 1084
55, 89, 1171
54, 56, 1189
54, 56, 1189
119, -12, 1047
125, -54, 956
96, -34, 995
57, -14, 1079
57, -14, 1079
76, -15, 1196
160, 12, 1259
235, 27, 1182
239, 13, 1284
213, -33, 1462
193, -115, 1623
-,-,-
-77, -196, 582
-77, -196, 582
-56, -93, 576
-34, 100, 419
-62, 108, 441
-78, 59, 591
-78, -18, 766
-78, -18, 766
-47, -46, 855
-38, -18, 820
-19, 13, 783
-25, -16, 824
-39, -75, 962
-39, -75, 962
-52, -76, 1080
-35, -17, 1001
-16, -13, 877
3, -48, 857
8, -37, 964
8, -37, 964
-4, 16, 1034
0, 46, 992
30, 6, 928
30, 6, 928
109, -105, 956
171, -123, 1069
189, -62, 1165
187, 5, 1155
187, 5, 1155
189, 3, 1124
204, -85, 1117
228, -208, 1187
241, -230, 1256
243, -279, 1295
253, -349, 1322
-,-,-
-21, 102, 447
-56, -96, 479
-129, -239, 589
-83, -187, 393
-59, -110, 344
-126, -141, 506
-170, -143, 675
-145, -83, 691
-145, -83, 691
-59, 3, 632
-40, 27, 659
-90, -19, 798
-111, -55, 870
-69, -48, 833
-69, -48, 833
-33, -26, 863
-33, -39, 892
-47, -24, 889
-35, -44, 924
-18, -55, 928
-18, -55, 928
-12, -75, 927
57, -109, 970
115, -138, 1018
132, -136, 1100
127, -103, 1174
165, -82, 1208
208, -117, 1258
259, -149, 1299
254, -164, 1367
300, -183, 1475
321, -257, 1494
-,-,-
-110, -137, 724
-110, -137, 724
-111, -72, 659
-67, 62, 505
-39, 83, 233
-94, 22, 215
-164, -72, 454
-174, -79, 576
-174, -79, 576
-142, 15, 511
-107, 115, 448
-85, 114, 460
-95, -11, 646
-85, -98, 781
-60, -68, 805
-60, -68, 805
-30, -17, 778
-20, -13, 798
-11, -83, 898
-18, -155, 1042
-13, -139, 1070
32, -95, 990
32, -95, 990
83, -60, 995
109, -136, 1101
101, -208, 1280
99, -195, 1303
116, -146, 1219
148, -114, 1143
191, -107, 1192
182, -161, 1277
175, -188, 1354
195, -209, 1362
216, -260, 1373
216, -260, 1373
206, -293, 1426
179, -353, 1517
-,-,-
-122, -64, 576
-79, -24, 405
-20, -34, 231
-43, -50, 251
-111, -80, 482
-121, -84, 688
-121, -84, 688
-58, -14, 725
2, 79, 568
-3, 77, 621
-26, -62, 790
-26, -62, 790
-41, -145, 1000
-37, -118, 1037
8, -50, 939
33, -71, 908
-1, -148, 1052
-36, -180, 1117
-8, -141, 1072
-8, -141, 1072
118, -77, 1056
183, -19, 1078
164, -22, 1145
117, -16, 1238
87, -50, 1273
117, -97, 1146
107, -150, 1025
106, -160, 1106
116, -165, 1207
116, -165, 1207
98, -214, 1277
-,-,-
-20, -39, 322
-37, -156, 479
-71, -198, 642
-76, -128, 695
-8, -28, 647
36, 16, 574
36, 16, 574
43, 22, 618
11, -4, 723
11, -4, 723
-2, -68, 801
6, -95, 873
26, -85, 858
12, -78, 837
12, -78, 837
-20, -88, 883
-30, -109, 897
-6, -104, 920
26, -56, 886
26, -56, 886
-3, -61, 932
-50, -105, 981
-60, -123, 996
7, -148, 972
93, -133, 948
93, -133, 948
87, -133, 1011
49, -143, 1129
50, -185, 1180
60, -253, 1263
113, -207, 1281
140, -145, 1260
125, -188, 1311
98, -258, 1371
-,-,-
-20, -43, 443
-20, -43, 443
-90, 13, 386
-113, -56, 625
-142, -96, 681
-129, -70, 583
-72, -48, 494
-43, -38, 599
-43, -38, 599
-36, -40, 798
-40, -36, 913
-26, 1, 948
-27, -33, 858
-36, -102, 885
-36, -102, 885
-28, -111, 930
-38, -91, 1001
-50, -95, 1004
-23, -91, 999
1, -68, 974
14, -84, 934
14, -84, 934
6, -124, 956
-23, -170, 1062
-21, -170, 1095
47, -125, 1008
87, -67, 901
50, -118, 1029
50, -118, 1029
42, -136, 1126
-11, -129, 1141
16, -59, 1112
63, -104, 1127
128, -185, 1105
-,-,-
-94, -75, 842
-94, -75, 842
-105, -137, 1011
12, -93, 719
-25, -103, 562
-68, -199, 701
-92, -239, 767
-95, -181, 722
-82, -49, 584
-82, -49, 584
-67, 58, 389
-70, 16, 533
-77, -120, 770
-86, -138, 942
-78, -50, 885
-66, 53, 713
-66, 53, 713
-29, 72, 683
-6, 1, 939
-21, -23, 1181
-21, -23, 1181
-23, 16, 1204
-7, 32, 1004
-51, -54, 863
-99, -169, 977
-111, -209, 1131
-34, -122, 1140
24, -34, 1053
24, -34, 1053
23, -26, 1035
-10, -105, 1125
-60, -269, 1362
-42, -251, 1402
-8, -102, 1158
-48, -31, 904
-72, -131, 968
-108, -220, 1167
-,-,-
-153, -174, 452
-196, -237, 528
-221, -235, 684
-177, -161, 701
-121, -112, 548
-91, -66, 562
-91, -66, 562
-109, -145, 740
-85, -190, 913
-44, -155, 891
-31, -138, 787
-45, -194, 784
-8, -231, 912
19, -199, 1072
19, -199, 1072
35, -137, 1079
45, -115, 1042
-12, -158, 1013
-51, -252, 1030
-50, -218, 1059
-33, -135, 982
4, -119, 843
27, -119, 843
33, -164, 1046
33, -164, 1046
36, -188, 1247
36, -200, 1261
58, -94, 1106
49, -26, 964
57, 0, 1073
57, 0, 1073
24, -44, 1205
19, -156, 1450
-,-,-
-160, -79, 401
-179, -168, 772
-109, -44, 667
-31, -4, 476
-31, -4, 476
-41, -78, 635
-115, -256, 854
-131, -305, 940
-40, -221, 793
-4, -149, 765
-10, -145, 862
-10, -145, 862
-13, -214, 927
9, -267, 954
13, -284, 960
-22, -275, 967
-24, -237, 920
5, -189, 923
5, -189, 923
45, -178, 967
78, -201, 968
90, -220, 954
115, -199, 1060
138, -148, 1116
152, -126, 1119
175, -144, 1124
224, -113, 1046
219, -78, 1140
219, -78, 1140
197, -107, 1260
155, -164, 1358
151, -215, 1272
-,-,-
-107, 17, 447
-110, -103, 540
-103, -52, 451
-62, 108, 308
-62, 108, 308
-85, 17, 570
-122, -126, 668
-130, -71, 523
-87, 33, 384
-60, 42, 413
-60, 42, 413
-28, -86, 631
-27, -189, 813
5, -208, 868
61, -165, 809
105, -155, 1034
105, -155, 1034
101, -137, 1191
50, -141, 1210
53, -177, 1106
101, -210, 960
63, -260, 1039
26, -304, 1122
0, -308, 1116
32, -243, 1081
114, -183, 882
114, -183, 881
121, -176, 881
99, -240, 1067
125, -198, 1200
144, -139, 1191
134, -189, 1108
130, -272, 1096
122, -302, 1119
-,-,-
-128, -51, 346
-128, -51, 346
-162, -145, 598
-114, -112, 526
-84, -26, 397
-56, -28, 468
-48, -29, 592
-46, -38, 658
-35, -41, 708
-35, -41, 708
-30, -52, 756
-13, -99, 740
-29, -182, 874
-41, -160, 895
-69, -115, 832
-32, -127, 705
4, -159, 901
4, -159, 901
5, -158, 1140
2, -76, 1120
20, 6, 971
20, 6, 971
106, 6, 833
121, -34, 991
106, -96, 1197
95, -130, 1157
95, -130, 1157
138, -155, 1027
160, -165, 1040
162, -158, 1142
150, -137, 1193
167, -169, 1180
221, -213, 1035
203, -205, 1110
202, -192, 1216
226, -207, 1214
253, -305, 1279
-,-,-
-99, -263, 531
-99, -263, 531
-109, -197, 331
-67, -126, 256
-95, -166, 443
-126, -181, 571
-90, -64, 452
-61, 3, 321
-54, -47, 432
-54, -47, 432
-48, -123, 644
14, -122, 797
66, -64, 806
93, -8, 855
73, -71, 977
73, -71, 977
71, -124, 1031
77, -157, 1050
79, -191, 1013
97, -260, 988
161, -228, 1138
188, -184, 1345
170, -161, 1398
229, -131, 1415
229, -131, 1415
127, -235, 1050
206, -114, 1330
221, -62, 1432
180, -64, 1326
128, -99, 1277
118, -44, 1270
-,-,-
-159, -82, 536
-88, -62, 436
-61, -76, 313
-111, -180, 426
-111, -180, 426
-164, -318, 669
-127, -304, 638
-20, -115, 324
-40, -93, 431
-69, -136, 664
-85, -149, 784
-55, -120, 720
0, -109, 591
11, -150, 683
11, -150, 683
-9, -195, 873
-29, -219, 970
66, -133, 973
181, 16, 935
203, 17, 1010
203, 17, 1010
162, -101, 1108
82, -203, 1101
83, -237, 1043
141, -169, 993
152, -84, 1011
105, -94, 1102
77, -160, 1166
127, -251, 1246
-,-,-
14, 127, 179
-2, 133, 177
-75, -60, 410
-63, -173, 574
-35, -167, 499
-13, -108, 370
33, -27, 255
33, -27, 255
12, -46, 430
-33, -91, 702
-64, -122, 803
-21, -144, 737
10, -232, 748
10, -232, 748
-13, -272, 896
-47, -317, 1051
-93, -281, 1048
-98, -236, 1032
-40, -183, 924
-56, -179, 852
-97, -198, 969
-77, -170, 1089
-59, -161, 1286
-43, -109, 1304
-50, -87, 1163
-50, -87, 1163
-,-,-
-59, 29, 185
-119, -147, 460
-131, -174, 715
-78, -107, 522
-65, -37, 362
-65, -27, 633
-55, -81, 877
-55, -81, 877
-14, -87, 948
6, -38, 873
-10, -12, 810
-40, -66, 798
-51, -133, 902
-51, -133, 902
-37, -101, 993
-12, -58, 984
29, -44, 1011
38, -88, 1043
1, -146, 1030
-12, -176, 1112
33, -185, 1136
33, -185, 1136
80, -196, 1090
64, -194, 1140
70, -165, 1220
70, -200, 1251
82, -236, 1274
105, -193, 1380
125, -200, 1449
117, -268, 1472
-,-,-
43, 2, 217
43, 2, 217
-74, -72, 202
-169, -200, 529
-131, -155, 659
-2, -15, 617
48, 56, 594
48, 56, 594
54, 17, 681
11, -191, 877
-10, -282, 954
-10, -282, 954
25, -225, 950
79, -156, 1003
94, -159, 1000
55, -225, 989
11, -311, 1054
57, -317, 1125
135, -259, 1097
128, -232, 1048
110, -174, 1065
136, -174, 1116
136, -162, 1116
178, -174, 1186
177, -197, 1239
185, -215, 1244
210, -244, 1256
213, -295, 1328
-,-,-
-25, 6, 455
-25, 6, 455
-46, 28, 547
-8, 32, 447
-21, -8, 458
-21, -8, 458
-28, -93, 588
-50, -136, 613
-47, -155, 568
-50, -95, 562
-62, -44, 627
-62, -44, 627
-41, -51, 752
4, -99, 844
47, -140, 826
22, -155, 762
-13, -173, 707
-13, -173, 707
2, -190, 663
16, -193, 669
-6, -204, 704
9, -189, 769
90, -188, 871
90, -188, 871
88, -156, 893
36, -190, 895
58, -248, 958
106, -295, 1015
117, -334, 1124
160, -320, 1275
213, -321, 1431
-,-,-
-30, -143, 594
1, -113, 588
3, -86, 502
3, -86, 502
19, -41, 457
18, -104, 490
32, -183, 467
75, -199, 413
75, -199, 413
30, -189, 376
-49, -168, 358
-57, -121, 378
-12, -92, 456
-3, -91, 622
-3, -91, 622
-13, -110, 703
-4, -138, 692
-22, -180, 728
-62, -238, 807
-32, -265, 982
17, -213, 1033
-7, -160, 995
-7, -160, 995
-26, -122, 984
8, -125, 1039
60, -158, 1098
65, -188, 1182
72, -153, 1247
116, -148, 1301
145, -244, 1360
109, -362, 1366
64, -427, 1376
-,-,-
-30, 78, 90
-30, 78, 90
-89, 118, 126
-49, 34, 417
-82, -109, 599
-82, -109, 599
-73, -32, 508
-50, 70, 400
-49, 66, 402
-43, -57, 525
-50, -194, 708
-25, -255, 707
-25, -255, 707
2, -217, 588
4, -183, 656
-6, -213, 810
19, -258, 870
64, -270, 841
64, -270, 841
37, -228, 842
35, -194, 911
89, -204, 997
129, -232, 1057
132, -231, 1133
137, -175, 1182
156, -117, 1167
199, -133, 1123
213, -242, 1167
213, -242, 1167
223, -372, 1353
225, -389, 1471
271, -338, 1545
-,-,-
-54, -143, 406
-64, -228, 565
-2, -275, 458
52, -166, 176
21, -66, 142
21, -66, 142
-40, -22, 252
-55, 44, 367
-32, 135, 431
0, 207, 417
0, 207, 417
20, 156, 441
-16, -49, 682
-41, -153, 849
-19, -176, 976
-19, -176, 976
12, -136, 1000
22, -144, 992
13, -151, 1054
11, -154, 1232
47, -139, 1360
93, -91, 1316
91, -63, 1139
91, -63, 1139
88, -40, 1061
96, -116, 1140
111, -233, 1273
150, -272, 1309
167, -212, 1282
184, -152, 1284
219, -133, 1380
223, -210, 1523
200, -283, 1690
-,-,-
-91, -135, 490
-91, -135, 490
-114, -153, 521
-104, -127, 455
-81, -21, 449
-68, 14, 555
-74, -40, 683
-82, -82, 779
-45, -101, 769
-45, -101, 769
-4, -124, 728
-38, -147, 683
-135, -269, 832
-130, -344, 1023
-24, -297, 1057
77, -171, 942
49, -82, 891
9, -60, 993
9, -60, 993
-5, -94, 1078
29, -77, 1016
84, -47, 845
68, -51, 843
68, -51, 843
68, -81, 967
107, -119, 1112
155, -135, 1189
156, -114, 1227
135, -143, 1253
139, -260, 1312
-,-,-
-69, -172, 474
-41, -209, 501
-10, -177, 454
28, -144, 419
28, -144, 419
-2, -127, 455
-51, -85, 497
-42, -31, 561
-7, 18, 630
8, -9, 656
8, -9, 656
-28, -59, 650
-55, -129, 745
-30, -172, 798
17, -188, 824
17, -188, 824
3, -190, 901
-9, -172, 914
36, -131, 953
104, -123, 1048
114, -123, 1069
92, -95, 1038
92, -95, 1038
97, -120, 1056
145, -202, 1196
195, -259, 1245
197, -297, 1194
199, -336, 1212
228, -360, 1330
266, -415, 1460
314, -455, 1631
-,-,-
-59, -117, 483
-61, -76, 517
-51, -48, 511
-51, -48, 511
-63, -40, 538
-42, -31, 566
-19, -40, 594
-37, -76, 660
-40, -125, 758
-40, -125, 758
-11, -154, 875
31, -174, 905
36, -177, 942
42, -150, 964
54, -100, 1034
95, -87, 1102
130, -92, 1094
130, -92, 1094
125, -94, 1040
101, -134, 996
124, -206, 1037
185, -263, 1147
252, -280, 1231
305, -251, 1253
328, -253, 1334
346, -348, 1446
363, -433, 1582
403, -454, 1676
-,-,-
-77, -188, 610
-24, -141, 788
-44, 2, 657
-44, 2, 657
-12, 80, 558
-5, 73, 455
-34, 7, 531
-34, 7, 531
-86, -63, 625
-84, -81, 640
-33, -66, 609
-7, -67, 617
-7, -67, 617
-23, -116, 733
-13, -132, 838
-2, -147, 821
14, -132, 820
38, -123, 831
69, -187, 967
69, -187, 967
109, -259, 1003
142, -285, 1022
192, -269, 1139
251, -288, 1263
267, -346, 1321
263, -401, 1285
263, -472, 1295
265, -509, 1350
294, -475, 1364
336, -473, 1407
366, -478, 1523
388, -460, 1604
-,-,-
38, 35, 382
38, 35, 382
-9, 62, 391
-42, -20, 573
-72, -105, 668
-50, -97, 672
-50, -97, 672
30, -9, 589
69, -13, 567
46, -109, 670
-14, -206, 781
-45, -203, 867
-45, -203, 867
-10, -166, 889
43, -160, 853
57, -188, 769
25, -219, 817
53, -217, 1016
123, -210, 1173
208, -220, 1199
242, -241, 1120
242, -241, 1120
234, -306, 1131
228, -414, 1244
255, -508, 1328
331, -523, 1466
392, -490, 1612
412, -476, 1688
-,-,-
26, 4, 640
52, 53, 447
-25, 14, 527
-75, -69, 730
-75, -69, 730
-84, -19, 818
-38, 107, 708
-10, 166, 598
-30, 109, 651
-36, 17, 656
-36, 17, 656
-48, -44, 633
-62, -58, 523
-60, -72, 455
-48, -121, 562
-19, -128, 649
-21, -55, 701
-21, -55, 701
-26, 25, 702
11, 28, 733
88, -64, 864
126, -147, 978
126, -147, 978
139, -207, 1091
145, -252, 1215
170, -277, 1249
225, -302, 1276
269, -368, 1471
288, -409, 1661
300, -434, 1746
-,-,-
-101, -100, 524
-40, -125, 453
8, -172, 322
-32, -235, 444
-32, -235, 444
-52, -228, 556
-28, -163, 618
-7, -66, 600
-29, 7, 620
-44, 21, 690
-44, 21, 690
-51, -20, 743
-45, -45, 748
-41, -6, 827
-37, 34, 848
-38, 11, 860
-38, 11, 860
-19, -67, 815
-4, -126, 825
28, -122, 923
69, -111, 970
69, -111, 970
109, -141, 961
126, -179, 990
133, -199, 1076
149, -215, 1131
175, -253, 1144
235, -275, 1198
275, -302, 1342
300, -328, 1427
-,-,-
-51, -141, 530
-62, -38, 351
-18, -102, 405
-95, -167, 550
-141, -186, 573
-96, -63, 444
-96, -63, 444
-79, 32, 423
-70, 67, 593
-51, 75, 723
-57, 70, 765
-57, 70, 765
-48, 50, 730
-14, 25, 723
3, -40, 745
3, -40, 745
-13, -81, 808
0, -53, 844
56, -42, 956
110, -82, 1064
110, -82, 1064
126, -121, 1075
105, -164, 1033
102, -185, 1011
131, -188, 1056
164, -182, 1059
191, -211, 1064
216, -221, 1134
238, -232, 1205
272, -246, 1267
318, -277, 1376
339, -322, 1510
-,-,-
-45, -96, 339
-52, -80, 331
-52, -80, 331
-42, -43, 362
-15, 37, 284
-18, 35, 304
-48, 3, 394
-48, 3, 394
-77, -9, 508
-63, 22, 568
-31, 55, 596
-31, 55, 596
-30, 25, 627
-20, -10, 700
-52, -70, 783
-43, -115, 798
9, -156, 845
9, -156, 845
54, -196, 936
81, -226, 967
87, -274, 1008
121, -275, 1037
149, -252, 1067
192, -216, 1111
203, -220, 1149
218, -238, 1212
238, -241, 1220
238, -241, 1220
250, -282, 1205
264, -336, 1236
267, -396, 1273
299, -399, 1340
331, -358, 1440
-,-,-
-17, -141, 371
3, -96, 323
9, -19, 343
0, -47, 364
0, -47, 364
-13, -76, 353
-27, -87, 355
-16, -35, 428
7, 11, 528
7, 11, 528
17, 35, 627
4, 17, 699
4, 17, 699
15, -25, 740
35, -74, 721
36, -164, 795
36, -164, 795
37, -188, 882
31, -165, 910
41, -141, 893
92, -161, 944
138, -210, 1063
153, -233, 1104
145, -216, 1051
145, -216, 1051
171, -208, 991
227, -212, 1029
267, -240, 1145
304, -301, 1219
323, -327, 1352
369, -308, 1434
-,-,-
47, -90, 451
11, -275, 560
25, -301, 441
7, -190, 185
-49, -46, 109
-49, -46, 109
-43, 68, 217
-56, 142, 379
-52, 169, 432
-23, 212, 525
-7, 206, 595
-7, 206, 595
-2, 136, 633
-6, 28, 620
-18, -46, 695
-18, -46, 695
6, -109, 732
55, -135, 864
68, -174, 922
59, -159, 950
73, -199, 935
73, -199, 935
96, -231, 999
111, -249, 1084
153, -285, 1060
225, -332, 1089
252, -350, 1233
260, -321, 1300
266, -322, 1266
287, -360, 1288
297, -376, 1397
334, -344, 1398
337, -323, 1353
322, -340, 1293
315, -366, 1331
-,-,-
-20, -139, 358
15, -106, 410
6, -48, 474
-27, -71, 537
-51, -82, 531
-51, -82, 531
-39, -56, 532
-21, -3, 499
-26, 54, 508
-42, 89, 575
-42, 89, 575
-47, 80, 640
-22, 55, 624
6, 34, 564
3, -29, 527
3, -29, 527
16, -85, 632
51, -112, 773
98, -111, 825
98, -111, 825
85, -103, 836
80, -120, 863
112, -192, 951
154, -285, 1047
174, -308, 1054
193, -272, 1081
232, -213, 1209
270, -198, 1322
291, -216, 1314
319, -259, 1299
319, -259, 1388
351, -333, 1388
364, -398, 1517
363, -418, 1621
-,-,-
-73, -93, 512
-58, -82, 447
-25, -19, 276
-11, 62, 212
-11, 62, 212
-14, 84, 267
-9, 64, 393
19, 58, 529
19, 58, 529
26, 84, 624
20, 70, 662
11, -26, 634
11, -26, 634
-17, -151, 677
-8, -202, 714
18, -197, 829
61, -186, 869
99, -151, 923
99, -151, 923
95, -162, 940
112, -226, 1027
143, -299, 1071
165, -327, 1071
207, -282, 1095
241, -223, 1165
268, -194, 1231
303, -249, 1217
307, -310, 1282
331, -359, 1401
367, -371, 1481
377, -344, 1474
381, -350, 1462
-,-,-
19, -68, 385
19, -68, 385
0, -126, 416
-44, -199, 498
-48, -153, 526
-10, 2, 415
0, 98, 396
0, 98, 396
9, 112, 506
9, 104, 593
9, 104, 593
6, 82, 594
4, 55, 569
4, 55, 569
7, -4, 596
5, -103, 710
33, -153, 832
33, -153, 832
66, -156, 914
122, -136, 931
141, -184, 982
143, -245, 1053
133, -292, 1087
113, -325, 1046
131, -300, 1004
187, -282, 1104
251, -294, 1173
283, -323, 1167
301, -351, 1186
301, -351, 1186
321, -362, 1293
352, -357, 1383
-,-,-
-24, -247, 471
1, -308, 290
-20, -309, 176
-21, -172, 255
-38, -24, 246
-22, 121, 258
-22, 121, 258
18, 200, 263
25, 209, 275
10, 192, 386
-32, 176, 482
-32, 176, 482
-30, 109, 546
-15, -21, 587
24, -170, 688
71, -256, 814
58, -303, 966
58, -303, 966
46, -321, 987
64, -299, 977
118, -280, 1036
164, -279, 1135
191, -265, 1186
200, -239, 1161
228, -254, 1059
246, -291, 1083
289, -318, 1215
330, -306, 1250
375, -337, 1235
396, -373, 1327
396, -373, 1327
409, -390, 1465
-,-,-
11, -114, 101
11, -114, 101
-60, -54, 264
-78, -19, 377
-57, 52, 348
-12, 94, 392
-12, 94, 392
4, 111, 498
-16, 61, 627
-49, -3, 700
-20, -68, 761
-20, -68, 761
20, -116, 818
58, -190, 862
84, -207, 885
101, -213, 976
128, -207, 1133
169, -210, 1247
208, -183, 1150
240, -174, 1019
240, -174, 1019
246, -195, 1061
280, -226, 1171
304, -250, 1232
343, -247, 1223
393, -245, 1273
404, -259, 1393
-,-,-
40, 5, 373
79, -12, 304
79, -12, 304
10, -108, 345
-36, -162, 374
-29, -120, 380
15, -28, 409
52, 25, 514
52, 25, 514
58, 9, 642
43, -54, 735
41, -118, 738
41, -118, 738
49, -165, 742
60, -207, 736
88, -226, 787
115, -278, 842
173, -336, 959
225, -352, 1045
225, -352, 1143
268, -331, 1143
287, -293, 1185
294, -255, 1154
324, -245, 1156
344, -283, 1238
329, -305, 1312
316, -287, 1332
351, -267, 1312
403, -270, 1333
-,-,-
-25, -62, 298
-29, -103, 435
-37, -129, 322
-37, -129, 167
-16, -106, 167
-2, -83, 53
-11, -104, 198
-26, -129, 325
1, -102, 365
21, -31, 479
21, -31, 479
33, 18, 596
31, 28, 719
20, -69, 825
20, -69, 825
1, -163, 892
13, -225, 970
41, -271, 973
48, -283, 914
48, -283, 914
35, -299, 905
51, -313, 1011
78, -293, 1106
108, -253, 1105
176, -197, 1031
203, -200, 1020
197, -249, 1114
205, -270, 1164
259, -192, 1210
345, -144, 1265
340, -267, 1329
293, -425, 1391
-,-,-
-106, -164, 497
-94, -100, 297
-94, -100, 297
-41, -13, 144
-24, 34, 294
-49, -48, 454
-56, -152, 502
-68, -193, 574
-54, -228, 735
-54, -228, 735
-36, -213, 833
-39, -176, 911
-66, -180, 905
-77, -248, 939
-100, -318, 1025
-111, -295, 994
-88, -261, 863
-45, -222, 850
-17, -251, 927
-7, -293, 978
-7, -293, 978
17, -283, 882
84, -245, 805
135, -204, 930
167, -184, 1127
185, -172, 1204
185, -175, 1148
184, -227, 1120
200, -219, 1193
-,-,-
-25, -75, 492
-74, 65, 296
-74, 65, 296
48, -4, 408
18, -28, 445
61, -102, 409
69, -115, 351
69, -115, 351
42, -129, 339
7, -159, 516
36, -132, 589
64, -7, 522
64, -7, 522
57, 34, 413
43, 4, 484
32, -40, 686
32, -40, 686
43, -56, 804
103, -23, 785
103, 19, 636
92, -24, 687
92, -24, 687
64, -93, 906
84, -115, 938
56, -104, 869
55, -95, 862
55, -95, 862
54, -113, 859
105, -142, 846
77, -205, 1029
68, -219, 1260
109, -157, 1286
123, -218, 1419
105, -332, 1704
105, -332, 1704
94, -354, 1872
-,-,-
-12, 9, 219
-12, 9, 219
-70, -125, 366
-71, -157, 492
15, -137, 299
51, -111, 218
10, -150, 382
10, -150, 382
-16, -122, 534
12, -41, 510
56, 23, 462
58, 44, 558
58, 44, 558
80, 28, 723
73, -22, 810
69, -47, 820
69, -47, 820
48, -44, 745
39, -62, 775
57, -59, 956
44, -172, 1001
44, -172, 1001
52, -246, 975
105, -190, 1022
131, -126, 1072
128, -88, 1099
127, -72, 993
153, -37, 891
196, -32, 978
196, -32, 978
235, -28, 1031
292, -92, 1146
313, -164, 1441
332, -198, 1683
338, -283, 1804
-,-,-
51, -147, 313
37, -113, 155
0, -20, 231
41, -19, 384
53, -12, 453
53, -12, 453
9, -20, 520
-12, -18, 483
-9, -48, 534
55, -17, 682
55, -17, 682
91, 29, 770
65, 18, 784
29, -74, 874
29, -74, 874
10, -144, 943
39, -170, 934
91, -124, 885
106, -95, 881
118, -109, 965
118, -109, 965
142, -146, 992
176, -176, 1049
235, -120, 1123
256, -66, 1127
243, -72, 1119
263, -132, 1068
313, -162, 1121
365, -222, 1254
370, -267, 1326
374, -272, 1290
413, -264, 1286
414, -282, 1422
419, -363, 1501
419, -363, 1614
-,-,-
40, -76, 361
49, -21, 294
0, -127, 458
-50, -190, 698
-25, -128, 573
26, 2, 313
26, 2, 313
4, 8, 319
-51, -52, 427
-51, -52, 427
-109, -123, 603
-50, -89, 591
-1, -62, 571
-16, -68, 644
-36, -98, 761
-36, -98, 761
-40, -122, 801
-13, -161, 786
32, -191, 768
87, -190, 1005
99, -195, 1262
78, -217, 1295
100, -212, 1122
126, -195, 962
126, -195, 962
148, -211, 1068
156, -240, 1167
162, -261, 1156
207, -257, 1092
254, -238, 1192
270, -266, 1314
266, -357, 1307
-,-,-
11, -42, 294
-30, -236, 514
-83, -268, 636
21, -160, 501
21, -160, 501
68, -42, 351
46, -37, 400
1, -61, 520
1, -61, 520
-16, -60, 674
11, -18, 738
66, 23, 801
87, 25, 879
87, 25, 879
4, -14, 968
-9, -99, 987
44, -123, 1041
44, -123, 1041
77, -92, 1168
61, -73, 1149
60, -51, 1044
65, -36, 1017
68, -70, 1046
59, -97, 1033
59, -97, 1033
55, -180, 1020
55, -228, 1039
99, -211, 1156
146, -138, 1167
175, -115, 1127
198, -131, 1234
-,-,-
-12, -137, 346
-12, -137, 346
-84, -162, 238
-108, -260, 252
-77, -283, 389
-74, -258, 489
-71, -188, 568
-59, -98, 703
-23, -71, 807
-8, -130, 826
-8, -130, 826
-21, -206, 814
-55, -237, 859
-67, -231, 925
-55, -229, 957
-17, -212, 842
7, -186, 766
12, -158, 879
12, -158, 879
27, -191, 992
69, -228, 1129
118, -252, 1136
155, -250, 1101
132, -226, 1064
84, -241, 1055
74, -334, 1089
119, -399, 1130
159, -428, 1118
159, -428, 1118
175, -439, 1145
176, -449, 1294
193, -473, 1389
-,-,-
4, -201, 277
-21, -223, 331
-123, -289, 555
-71, -233, 592
13, -148, 479
16, -86, 534
16, -86, 534
-1, -67, 641
-8, -80, 739
16, -69, 739
16, -69, 739
33, -55, 761
57, -89, 791
58, -172, 912
53, -213, 929
53, -213, 929
29, -197, 877
30, -171, 862
79, -176, 977
137, -205, 1112
150, -196, 1150
128, -150, 1141
142, -116, 1154
170, -108, 1163
204, -116, 1155
213, -158, 1126
213, -158, 1126
202, -239, 1188
217, -268, 1199
234, -282, 1126
247, -277, 1136
-,-,-
74, 21, 221
-15, -107, 402
-129, -298, 546
-52, -199, 432
-5, 18, 180
-74, 95, 114
-74, 95, 114
-158, 10, 270
-158, -48, 425
-65, -10, 480
16, 66, 480
16, 66, 480
32, 103, 549
5, 20, 669
-5, -93, 740
-5, -93, 740
0, -162, 744
48, -188, 799
55, -196, 878
61, -197, 909
61, -197, 909
90, -209, 1000
85, -257, 1091
93, -303, 1123
99, -383, 1120
177, -357, 1174
246, -284, 1242
266, -212, 1276
276, -203, 1236
281, -264, 1255
254, -328, 1316
262, -350, 1341
319, -339, 1246
346, -292, 1229
-,-,-
26, -14, 207
-10, -97, 153
-80, -66, 174
-80, -66, 174
-80, -17, 160
-80, 22, 122
-13, 112, 195
21, 55, 381
28, -99, 604
28, -99, 604
85, -155, 686
128, -153, 788
111, -190, 915
121, -235, 1013
169, -304, 1103
162, -323, 1218
160, -255, 1247
167, -235, 1223
167, -235, 1223
162, -205, 1191
203, -162, 1163
230, -126, 1189
264, -134, 1221
245, -202, 1251
219, -250, 1324
220, -234, 1356
254, -224, 1400
-,-,-
0, -177, 377
54, -114, 256
-15, -224, 432
-29, -252, 399
-29, -252, 399
-6, -172, 220
-8, -38, 148
1, 59, 164
14, 45, 310
14, 45, 310
39, -8, 538
40, -97, 722
46, -150, 820
46, -150, 820
91, -159, 767
97, -188, 791
123, -214, 905
168, -175, 1016
189, -140, 1151
199, -168, 1135
209, -222, 1086
241, -261, 1113
257, -298, 1148
267, -318, 1216
298, -328, 1384
316, -294, 1487
316, -294, 1487
330, -292, 1414
304, -313, 1275
-,-,-
79, -39, 331
79, -39, 331
84, 65, 154
3, -54, 305
-44, -78, 438
6, -18, 478
6, -18, 478
91, 43, 470
121, 50, 535
118, -24, 682
118, -24, 682
80, -132, 797
67, -177, 814
85, -165, 814
112, -156, 929
153, -176, 930
186, -150, 869
186, -150, 869
157, -156, 940
132, -195, 1103
116, -250, 1147
189, -248, 1056
241, -202, 974
253, -212, 1115
255, -214, 1283
264, -206, 1317
334, -231, 1247
-,-,-
56, -111, 340
45, -266, 501
74, -326, 459
74, -326, 459
102, -252, 342
123, -161, 306
50, -111, 419
11, -64, 524
17, -41, 616
17, -41, 616
95, -34, 615
100, -51, 657
33, -127, 741
22, -189, 824
22, -189, 824
18, -210, 867
82, -206, 854
129, -190, 890
113, -196, 1033
110, -149, 1062
123, -139, 981
162, -101, 867
161, -67, 937
161, -67, 937
156, -63, 1044
182, -66, 1019
245, -131, 961
259, -198, 1082
285, -251, 1265
288, -270, 1377
-,-,-
-46, -66, 268
44, -52, 249
11, -32, 185
11, -32, 185
-14, -76, 246
-81, -180, 455
-56, -164, 590
46, -60, 623
53, 0, 671
53, 0, 671
25, -13, 690
-20, -110, 777
-27, -222, 849
-27, -222, 849
46, -209, 842
68, -159, 835
62, -152, 861
57, -171, 987
56, -188, 1103
91, -152, 1083
91, -152, 1083
148, -155, 920
141, -252, 956
121, -377, 1150
116, -420, 1249
174, -368, 1186
223, -322, 1118
242, -320, 1272
208, -440, 1474
-,-,-
68, -74, 497
19, -87, 422
-86, -231, 659
-123, -291, 825
11, -130, 693
89, 16, 504
89, 16, 504
33, -77, 732
-13, -193, 944
-2, -167, 963
44, -87, 751
44, -87, 751
40, -57, 672
30, -105, 849
13, -168, 998
2, -208, 960
2, -208, 960
43, -232, 858
93, -239, 893
100, -274, 983
88, -351, 1082
147, -355, 1191
217, -323, 1266
264, -269, 1294
264, -269, 1294
248, -362, 1347
237, -477, 1438
254, -502, 1584
-,-,-
-76, -96, 699
-51, -107, 741
24, -41, 684
24, 4, 676
-12, -92, 774
-12, -92, 774
-70, -222, 919
-15, -233, 1037
62, -224, 993
54, -213, 977
21, -199, 1031
15, -155, 1091
77, -105, 1111
107, -100, 1061
107, -100, 1061
58, -150, 1024
-1, -207, 969
1, -228, 957
71, -194, 974
111, -174, 987
103, -192, 1013
98, -246, 1013
136, -286, 954
136, -286, 954
155, -300, 946
160, -302, 978
205, -287, 996
264, -266, 996
-,-,-
-102, -173, 551
-53, -234, 436
-91, -170, 555
-89, -131, 587
-80, -105, 597
-115, -165, 824
-79, -198, 848
-46, -169, 763
-46, -169, 763
-50, -115, 890
-23, -41, 902
15, 32, 828
-25, -12, 745
-85, -55, 716
-108, -77, 815
-108, -77, 815
-26, -13, 788
7, 12, 831
47, -27, 933
46, -61, 1015
46, -61, 1015
74, -26, 906
68, -98, 846
140, -194, 1171
169, -152, 1399
239, 34, 1318
253, 57, 1291
253, 57, 1291
254, -31, 1377
